0 89 44
0 40 49
0 84 52
0 55 3
0 11 773
0 75 2292
0 93 30
0 2 1456
0 34 652
0 50 20
0 38 10
0 71 21
0 10 13
0 90 35
0 45 12
0 87 6
0 5 205
0 96 2
0 32 167
0 58 320
0 18 1441
0 82 23
0 27 267
0 77 3
0 17 103
0 24 322
0 63 155
0 14 119
0 33 5
0 94 90
0 3 32
0 67 11
0 28 323
0 46 1110
0 19 76
0 30 14
0 57 63
0 44 2
0 48 15
0 62 15
0 12 104
0 41 264
0 1 128
0 36 74
0 22 38
0 37 43
0 35 28
0 47 1
0 6 79
0 54 9
0 59 12
0 16 5
0 21 10
0 9 14
0 79 8
0 61 2
0 31 15
0 52 7
0 8 3
0 56 7
0 43 3
0 26 8
0 60 1
0 49 3
0 91 3
0 53 4
0 42 1
1 93 14
1 2 1221
1 27 80
1 82 2
1 18 729
1 11 548
1 75 1746
1 32 94
1 84 9
1 53 3
1 26 3
1 34 362
1 63 53
1 14 105
1 89 42
1 24 159
1 46 529
1 12 153
1 45 11
1 58 122
1 28 193
1 9 15
1 41 84
1 5 69
1 37 29
1 35 25
1 6 54
1 62 11
1 48 16
1 30 12
1 94 37
1 3 29
1 54 11
1 10 7
1 0 14
1 90 26
1 36 71
1 56 4
1 40 20
1 19 23
1 77 2
1 17 73
1 87 2
1 79 9
1 21 4
1 71 10
1 38 10
1 50 14
1 57 27
1 22 16
1 8 4
1 61 3
1 59 8
1 60 2
1 74 2
1 31 7
1 52 6
1 43 3
1 49 5
1 44 3
1 67 1
1 42 2
2 10 18
2 41 251
2 75 3412
2 71 17
2 89 70
2 12 272
2 94 85
2 3 51
2 67 11
2 18 1709
2 32 249
2 53 14
2 54 9
2 34 794
2 11 1603
2 93 20
2 84 35
2 46 1115
2 50 33
2 24 366
2 0 45
2 90 55
2 26 2
2 56 16
2 40 46
2 28 589
2 1 254
2 91 1
2 27 205
2 62 11
2 47 4
2 14 242
2 63 158
2 36 106
2 79 23
2 87 12
2 45 14
2 58 249
2 5 174
2 22 37
2 35 57
2 6 76
2 30 17
2 52 12
2 44 5
2 57 66
2 38 9
2 17 120
2 37 98
2 74 4
2 31 31
2 19 37
2 9 24
2 43 3
2 49 5
2 48 19
2 61 1
2 8 9
2 16 3
2 82 10
2 59 6
2 21 3
2 55 3
2 77 6
2 42 2
2 33 1
3 75 801
3 11 186
3 18 306
3 67 4
3 93 6
3 2 494
3 34 215
3 84 9
3 28 93
3 46 282
3 50 5
3 71 7
3 1 61
3 89 17
3 57 22
3 55 1
3 9 9
3 43 2
3 14 54
3 63 52
3 12 50
3 32 43
3 96 2
3 5 32
3 38 1
3 41 44
3 24 68
3 62 3
3 36 39
3 27 45
3 77 2
3 58 56
3 17 22
3 37 10
3 54 2
3 35 13
3 6 21
3 52 3
3 94 11
3 30 6
3 19 7
3 90 10
3 0 6
3 26 3
3 22 19
3 59 2
3 49 2
3 48 7
3 40 5
3 74 1
3 79 2
3 87 1
3 31 3
3 56 6
3 21 3
5 82 6
5 16 1
5 32 83
5 18 800
5 67 7
5 3 9
5 94 28
5 34 325
5 2 778
5 93 8
5 79 4
5 53 1
5 84 9
5 11 490
5 75 748
5 17 36
5 9 8
5 89 18
5 56 5
5 40 19
5 46 398
5 58 101
5 38 3
5 50 18
5 71 13
5 10 3
5 1 53
5 27 76
5 24 94
5 44 3
5 57 16
5 37 13
5 12 38
5 0 18
5 90 19
5 36 21
5 35 22
5 87 5
5 6 30
5 28 183
5 41 53
5 19 19
5 54 2
5 63 33
5 14 51
5 52 3
5 30 4
5 60 1
5 22 4
5 62 4
5 48 3
5 31 11
5 8 2
5 49 3
5 45 2
5 59 2
5 33 1
6 67 4
6 18 691
6 27 41
6 82 4
6 3 4
6 94 29
6 75 728
6 9 11
6 89 14
6 14 64
6 63 35
6 5 52
6 96 1
6 53 4
6 2 686
6 93 5
6 34 218
6 57 20
6 11 314
6 84 6
6 87 1
6 79 2
6 32 77
6 58 110
6 38 3
6 50 4
6 46 409
6 1 50
6 12 42
6 28 149
6 24 89
6 0 6
6 90 15
6 10 4
6 36 31
6 41 64
6 17 37
6 71 3
6 37 29
6 52 1
6 30 6
6 44 2
6 19 18
6 40 8
6 48 2
6 62 7
6 22 7
6 35 10
6 16 1
6 31 13
6 54 4
6 21 2
6 59 4
6 45 1
6 77 1
6 56 1
6 43 1
8 63 40
8 46 539
8 53 8
8 14 52
8 89 21
8 50 20
8 75 1012
8 38 5
8 58 95
8 93 10
8 2 529
8 26 1
8 34 284
8 77 2
8 32 57
8 45 7
8 41 66
8 9 12
8 82 3
8 18 679
8 94 52
8 3 15
8 67 8
8 30 12
8 1 63
8 91 1
8 27 74
8 11 281
8 57 19
8 24 99
8 6 24
8 35 18
8 28 145
8 12 74
8 71 16
8 44 6
8 36 34
8 10 7
8 90 20
8 0 15
8 54 15
8 96 2
8 5 46
8 37 24
8 17 33
8 40 12
8 22 10
8 79 4
8 84 10
8 21 4
8 48 5
8 49 3
8 33 1
8 31 22
8 19 18
8 62 4
8 52 3
8 16 2
8 55 1
8 56 3
8 43 2
8 47 1
8 74 2
8 87 1
8 59 1
9 28 86
9 46 294
9 34 196
9 2 609
9 93 12
9 35 19
9 75 1094
9 11 252
9 89 16
9 57 19
9 6 30
9 12 77
9 71 5
9 38 5
9 50 6
9 37 18
9 18 389
9 82 2
9 67 5
9 3 22
9 94 21
9 32 49
9 58 67
9 45 4
9 87 1
9 79 3
9 63 43
9 14 54
9 1 55
9 27 39
9 19 10
9 36 36
9 0 8
9 90 15
9 41 53
9 22 18
9 44 1
9 48 5
9 5 24
9 96 1
9 24 101
9 84 13
9 17 28
9 77 2
9 40 15
9 56 5
9 21 4
9 74 1
9 30 8
9 31 7
9 49 1
9 53 3
9 52 2
9 54 2
9 59 1
9 10 5
9 61 1
9 47 1
9 43 2
9 62 2
10 2 553
10 93 15
10 34 219
10 46 474
10 63 47
10 28 101
10 14 57
10 5 38
10 96 1
10 9 15
10 75 1002
10 89 19
10 18 523
10 82 3
10 38 8
10 41 51
10 84 12
10 11 259
10 19 16
10 12 65
10 27 60
10 24 120
10 94 31
10 3 8
10 30 8
10 6 38
10 35 20
10 32 66
10 40 12
10 56 2
10 37 27
10 0 8
10 90 4
10 58 79
10 57 32
10 1 38
10 50 7
10 17 18
10 53 6
10 67 13
10 48 7
10 71 6
10 36 30
10 54 5
10 52 3
10 22 13
10 26 2
10 47 1
10 43 1
10 45 6
10 87 2
10 62 3
10 44 4
10 33 1
10 77 2
10 31 2
10 79 1
11 46 1856
11 42 2
11 43 6
11 93 26
11 2 2919
11 18 2302
11 27 192
11 82 19
11 41 206
11 61 7
11 28 709
11 53 9
11 34 1012
11 89 31
11 75 1688
11 94 106
11 3 31
11 67 23
11 10 14
11 71 42
11 50 38
11 1 174
11 54 22
11 90 45
11 0 49
11 36 41
11 96 2
11 5 279
11 84 43
11 40 63
11 87 8
11 47 3
11 6 74
11 62 8
11 35 96
11 32 250
11 21 4
11 24 402
11 38 11
11 30 15
11 19 61
11 31 36
11 58 264
11 44 2
11 57 62
11 17 252
11 12 189
11 37 42
11 22 23
11 14 145
11 63 107
11 8 8
11 59 18
11 9 18
11 33 5
11 52 11
11 45 8
11 79 10
11 16 2
11 48 13
11 49 2
11 56 4
11 77 5
11 60 2
11 55 3
11 91 1
11 26 1
12 89 94
12 50 20
12 11 1241
12 75 4546
12 41 205
12 14 249
12 63 167
12 62 19
12 38 29
12 10 10
12 90 52
12 0 29
12 54 11
12 36 137
12 94 89
12 3 56
12 67 17
12 82 10
12 18 1663
12 33 4
12 34 815
12 93 37
12 2 2671
12 84 27
12 19 43
12 46 1255
12 5 150
12 96 2
12 32 215
12 9 57
12 24 337
12 52 16
12 30 34
12 59 13
12 27 153
12 1 397
12 91 1
12 28 389
12 77 5
12 45 23
12 58 245
12 44 17
12 57 78
12 35 64
12 6 76
12 26 7
12 17 124
12 87 9
12 79 27
12 37 75
12 56 15
12 40 41
12 22 56
12 48 32
12 31 19
12 71 17
12 16 8
12 21 8
12 49 9
12 55 3
12 8 5
12 74 1
12 53 7
12 61 2
12 42 1
12 43 3
14 84 13
14 46 579
14 9 20
14 89 29
14 50 20
14 75 1666
14 93 16
14 2 1257
14 38 13
14 53 8
14 26 5
14 34 315
14 11 440
14 45 15
14 58 100
14 32 128
14 3 29
14 94 49
14 67 7
14 82 3
14 18 673
14 63 63
14 52 10
14 30 12
14 19 25
14 28 228
14 5 70
14 57 35
14 41 103
14 8 3
14 1 133
14 36 61
14 10 6
14 0 9
14 90 22
14 12 102
14 17 31
14 24 149
14 27 74
14 87 3
14 79 8
14 62 9
14 21 5
14 54 6
14 59 5
14 49 11
14 22 15
14 37 38
14 35 18
14 6 45
14 31 8
14 74 3
14 40 13
14 56 7
14 60 1
14 61 2
14 33 2
14 71 10
14 48 7
14 77 3
14 43 3
16 28 56
16 46 203
16 50 3
16 75 360
16 11 131
16 38 3
16 32 25
16 58 43
16 96 2
16 5 17
16 89 5
16 18 210
16 82 1
16 67 4
16 3 2
16 94 15
16 34 109
16 2 208
16 93 4
16 42 1
16 53 1
16 30 3
16 52 2
16 17 17
16 40 8
16 56 4
16 9 8
16 6 9
16 35 12
16 87 2
16 79 1
16 57 13
16 12 18
16 19 7
16 37 9
16 27 14
16 24 44
16 36 15
16 71 3
16 10 1
16 1 13
16 14 14
16 63 22
16 90 6
16 0 3
16 84 5
16 41 10
16 22 2
16 31 3
16 49 1
16 62 1
16 45 1
16 48 1
16 47 1
16 59 1
17 34 303
17 93 6
17 2 841
17 28 198
17 84 12
17 31 10
17 42 1
17 11 523
17 75 851
17 26 1
17 90 28
17 0 12
17 46 548
17 24 98
17 3 13
17 94 45
17 67 5
17 82 5
17 18 719
17 5 78
17 91 1
17 1 106
17 27 77
17 50 14
17 9 9
17 89 16
17 32 76
17 43 2
17 63 36
17 14 73
17 10 3
17 71 7
17 12 76
17 44 1
17 57 24
17 62 5
17 41 74
17 54 3
17 36 32
17 45 5
17 79 3
17 87 3
17 58 87
17 30 5
17 35 21
17 37 14
17 47 1
17 6 23
17 19 15
17 38 2
17 21 4
17 16 1
17 49 3
17 48 7
17 40 14
17 22 10
17 59 3
17 77 2
17 52 3
17 33 3
17 56 1
17 53 1
18 11 13315
18 75 25768
18 50 453
18 2 15637
18 93 226
18 34 17009
18 58 8377
18 46 31661
18 84 1070
18 57 2404
18 52 95
18 30 301
18 3 333
18 94 2886
18 96 70
18 5 3504
18 63 2426
18 14 1084
18 32 3084
18 9 212
18 89 520
18 10 223
18 71 796
18 31 685
18 45 142
18 54 366
18 38 157
18 22 464
18 82 378
18 1 1696
18 91 63
18 27 5885
18 24 3318
18 48 163
18 62 160
18 12 1238
18 28 5801
18 19 683
18 35 1014
18 87 152
18 36 570
18 90 569
18 0 609
18 41 1922
18 37 421
18 79 121
18 6 2130
18 67 919
18 8 178
18 40 777
18 17 1644
18 59 176
18 44 147
18 47 85
18 16 217
18 61 65
18 49 41
18 55 52
18 60 23
18 26 65
18 74 51
18 42 43
18 21 133
18 43 135
18 33 39
18 53 566
18 56 102
18 77 95
19 42 1
19 11 443
19 75 1144
19 27 99
19 34 354
19 93 14
19 2 745
19 84 15
19 58 162
19 40 29
19 79 7
19 87 4
19 63 59
19 14 80
19 3 19
19 94 41
19 67 10
19 82 4
19 18 773
19 32 73
19 5 79
19 46 601
19 28 188
19 9 8
19 89 31
19 50 9
19 38 9
19 24 173
19 41 112
19 71 10
19 1 75
19 30 5
19 26 1
19 90 22
19 0 24
19 57 34
19 12 56
19 37 27
19 53 1
19 35 28
19 6 36
19 17 53
19 10 4
19 36 48
19 48 14
19 22 18
19 8 3
19 59 3
19 60 1
19 16 2
19 31 11
19 45 7
19 49 3
19 44 4
19 54 5
19 62 7
19 52 2
19 21 1
19 56 5
19 77 3
19 43 1
19 33 1
19 55 1
21 75 76
21 89 1
21 2 59
21 93 2
21 34 13
21 18 49
21 82 1
21 63 4
21 46 44
21 14 7
21 3 1
21 94 4
21 28 13
21 30 3
21 11 34
21 41 3
21 32 13
21 5 6
21 36 3
21 0 2
21 90 1
21 17 5
21 1 7
21 6 4
21 35 2
21 37 3
21 57 3
21 27 5
21 24 7
21 19 3
21 31 1
21 58 11
21 84 1
21 50 1
21 12 2
21 40 1
22 84 6
22 46 226
22 59 1
22 75 652
22 11 183
22 34 142
22 2 438
22 93 6
22 26 1
22 53 1
22 89 15
22 38 6
22 50 6
22 63 44
22 14 26
22 18 387
22 82 3
22 28 63
22 12 56
22 24 58
22 5 30
22 32 32
22 1 44
22 91 2
22 71 8
22 10 2
22 9 8
22 41 30
22 37 9
22 3 13
22 94 16
22 67 5
22 6 18
22 35 5
22 58 65
22 52 4
22 57 10
22 0 9
22 90 11
22 36 22
22 27 38
22 17 24
22 31 3
22 43 4
22 21 4
22 19 11
22 40 6
22 30 3
22 56 4
22 87 6
22 79 1
22 45 1
22 61 1
22 44 1
22 49 3
22 74 2
22 62 1
22 33 1
24 79 127
24 53 131
24 33 27
24 50 250
24 34 5511
24 93 322
24 2 9922
24 87 61
24 31 150
24 32 1316
24 58 4957
24 45 263
24 75 25373
24 11 4760
24 84 386
24 16 35
24 94 612
24 3 317
24 67 168
24 82 115
24 18 8940
24 62 134
24 5 644
24 46 11811
24 28 2172
24 63 2100
24 14 984
24 38 126
24 89 350
24 35 309
24 54 143
24 47 26
24 6 576
24 17 539
24 12 904
24 57 449
24 44 82
24 9 240
24 36 897
24 10 129
24 90 400
24 0 272
24 41 1421
24 19 454
24 27 2040
24 48 201
24 1 997
24 30 302
24 60 15
24 22 413
24 71 175
24 21 134
24 56 80
24 40 256
24 52 94
24 37 315
24 61 64
24 43 24
24 59 149
24 74 20
24 55 25
24 8 79
24 77 90
24 26 79
24 96 45
24 91 28
24 49 75
24 42 36
26 84 10
26 46 352
26 2 454
26 93 13
26 34 205
26 75 1045
26 11 207
26 89 17
26 24 143
26 32 59
26 36 28
26 18 361
26 82 2
26 67 6
26 94 29
26 3 16
26 14 44
26 63 39
26 28 86
26 12 93
26 71 6
26 22 14
26 27 52
26 37 16
26 0 8
26 90 19
26 5 27
26 41 53
26 17 22
26 1 56
26 58 60
26 35 20
26 6 18
26 44 3
26 57 17
26 38 6
26 50 8
26 48 9
26 40 7
26 56 6
26 53 2
26 45 5
26 9 13
26 49 2
26 43 1
26 79 5
26 30 6
26 52 4
26 31 11
26 59 3
26 62 2
26 19 6
26 8 2
26 21 6
26 74 1
26 55 1
26 61 1
26 16 2
26 54 4
26 42 1
26 10 3
26 77 2
26 47 2
26 87 1
26 33 1
27 11 3158
27 75 10249
27 24 1841
27 34 2628
27 93 115
27 2 6153
27 89 193
27 9 120
27 30 108
27 3 119
27 94 630
27 52 46
27 82 177
27 18 9750
27 67 101
27 90 195
27 0 336
27 28 1608
27 14 489
27 63 1196
27 46 6418
27 56 46
27 41 1022
27 22 195
27 96 15
27 5 670
27 54 99
27 36 303
27 32 953
27 19 333
27 44 35
27 57 397
27 79 59
27 87 64
27 58 1513
27 45 85
27 6 409
27 35 165
27 91 13
27 1 554
27 50 210
27 77 32
27 17 424
27 40 277
27 59 75
27 10 67
27 71 118
27 12 439
27 21 49
27 38 59
27 48 105
27 84 322
27 37 129
27 31 195
27 62 85
27 53 65
27 49 16
27 55 18
27 8 43
27 33 12
27 47 16
27 74 11
27 61 13
27 60 4
27 26 15
27 16 22
27 42 8
27 43 19
28 34 465
28 2 1564
28 93 7
28 24 181
28 11 836
28 75 1160
28 89 26
28 46 1071
28 26 3
28 50 16
28 38 4
28 5 105
28 18 1174
28 82 5
28 41 122
28 94 67
28 3 18
28 30 6
28 63 76
28 14 89
28 32 139
28 90 42
28 0 17
28 40 24
28 17 73
28 58 134
28 19 29
28 9 12
28 27 140
28 12 59
28 67 13
28 6 61
28 8 6
28 53 3
28 84 25
28 56 3
28 59 6
28 43 5
28 45 3
28 71 14
28 1 83
28 22 30
28 54 12
28 35 37
28 37 34
28 57 31
28 31 19
28 10 5
28 36 49
28 48 6
28 55 1
28 16 2
28 62 6
28 21 1
28 44 1
28 60 1
28 79 1
28 87 1
28 52 4
30 89 23
30 9 7
30 75 1227
30 58 95
30 32 76
30 53 4
30 45 12
30 34 243
30 11 288
30 2 629
30 93 10
30 50 6
30 38 7
30 27 51
30 46 426
30 28 119
30 1 81
30 35 17
30 6 33
30 3 14
30 94 22
30 67 6
30 82 5
30 18 460
30 48 9
30 62 9
30 14 68
30 63 53
30 41 80
30 24 122
30 5 47
30 0 20
30 90 13
30 54 3
30 36 37
30 10 6
30 71 2
30 12 76
30 77 3
30 17 32
30 26 2
30 19 13
30 22 13
30 37 22
30 87 3
30 79 6
30 84 9
30 52 4
30 31 10
30 21 2
30 44 6
30 57 19
30 16 1
30 8 4
30 40 9
30 56 3
30 43 4
30 59 4
30 33 1
31 94 68
31 3 17
31 67 9
31 11 514
31 75 1095
31 1 81
31 91 1
31 82 21
31 27 150
31 28 194
31 18 942
31 46 619
31 33 1
31 24 137
31 50 23
31 93 15
31 2 808
31 34 399
31 5 95
31 96 1
31 32 108
31 9 13
31 19 27
31 63 45
31 14 56
31 57 39
31 90 21
31 0 23
31 36 30
31 17 51
31 30 7
31 52 2
31 89 32
31 87 7
31 6 31
31 35 32
31 41 75
31 58 140
31 59 8
31 12 82
31 40 28
31 56 4
31 37 26
31 22 21
31 84 21
31 77 5
31 38 6
31 53 4
31 21 2
31 71 15
31 54 7
31 8 3
31 49 2
31 16 2
31 60 1
31 45 3
31 48 3
31 74 1
31 44 1
31 61 2
31 62 4
31 10 3
31 26 1
31 55 1
31 79 1
32 24 250
32 89 53
32 9 38
32 91 2
32 1 159
32 75 2237
32 46 1499
32 3 28
32 94 124
32 30 22
32 50 51
32 38 13
32 11 1038
32 61 4
32 28 550
32 26 6
32 34 862
32 93 25
32 2 2066
32 53 13
32 82 19
32 18 1861
32 67 22
32 12 128
32 58 213
32 45 16
32 57 88
32 96 1
32 5 196
32 47 2
32 6 93
32 35 48
32 63 174
32 14 205
32 19 42
32 36 77
32 54 19
32 90 47
32 0 42
32 17 111
32 41 196
32 84 24
32 37 62
32 10 13
32 71 25
32 22 27
32 27 252
32 59 12
32 77 3
32 52 14
32 79 20
32 87 9
32 31 31
32 21 5
32 40 44
32 56 9
32 48 24
32 44 3
32 16 3
32 62 8
32 33 2
32 8 4
32 42 1
32 55 1
32 49 3
32 74 3
32 43 2
33 75 573
33 9 5
33 89 14
33 79 5
33 41 29
33 46 152
33 18 300
33 82 3
33 84 16
33 93 10
33 2 266
33 11 118
33 14 33
33 63 20
33 67 2
33 3 4
33 94 12
33 38 3
33 50 4
33 45 2
33 32 31
33 58 49
33 53 4
33 34 103
33 12 38
33 71 2
33 1 33
33 8 2
33 37 12
33 35 7
33 6 18
33 47 2
33 24 59
33 10 1
33 0 6
33 90 5
33 26 1
33 30 4
33 28 46
33 31 5
33 27 34
33 44 2
33 57 9
33 5 13
33 19 12
33 36 20
33 59 1
33 49 3
33 17 14
33 22 8
33 40 6
33 48 5
33 16 2
33 21 3
33 43 1
33 52 2
33 62 4
33 56 2
34 9 220
34 40 560
34 67 173
34 38 236
34 50 339
34 54 101
34 35 618
34 94 922
34 3 442
34 19 393
34 46 14843
34 87 85
34 33 27
34 82 128
34 18 17863
34 61 62
34 84 429
34 75 17575
34 11 7431
34 24 2884
34 41 1504
34 96 25
34 5 1921
34 62 190
34 89 488
34 2 10149
34 32 2112
34 28 2650
34 10 122
34 71 319
34 91 16
34 1 1087
34 90 338
34 0 377
34 27 1474
34 45 147
34 79 88
34 58 2717
34 57 853
34 36 509
34 22 305
34 12 1001
34 37 482
34 14 1064
34 63 1485
34 17 899
34 60 9
34 59 155
34 48 153
34 44 78
34 31 287
34 21 87
34 77 69
34 52 104
34 74 40
34 42 39
34 49 35
34 30 212
34 55 30
34 6 584
34 8 60
34 53 202
34 26 76
34 43 70
34 47 35
34 56 97
34 93 256
34 16 89
35 89 26
35 11 623
35 75 1140
35 2 983
35 93 12
35 34 454
35 27 74
35 82 4
35 18 878
35 63 48
35 14 82
35 46 869
35 37 32
35 10 6
35 0 15
35 90 26
35 36 42
35 58 111
35 24 131
35 47 1
35 6 35
35 9 22
35 19 17
35 5 70
35 17 67
35 28 233
35 1 66
35 50 5
35 38 5
35 30 8
35 94 52
35 3 20
35 41 95
35 84 15
35 53 4
35 67 8
35 33 3
35 45 9
35 43 3
35 62 9
35 31 8
35 40 22
35 26 2
35 32 93
35 71 13
35 48 11
35 12 88
35 59 5
35 22 10
35 79 4
35 21 2
35 57 37
35 87 2
35 55 1
35 16 2
35 54 5
35 52 3
35 56 2
35 61 1
35 49 1
35 60 1
35 8 1
36 50 6
36 11 321
36 75 1404
36 38 5
36 89 23
36 9 25
36 53 5
36 34 239
36 2 802
36 93 22
36 84 15
36 3 18
36 94 37
36 67 4
36 82 8
36 18 574
36 62 8
36 14 99
36 63 72
36 28 184
36 10 5
36 71 9
36 12 80
36 17 26
36 46 588
36 37 23
36 77 2
36 96 2
36 5 43
36 32 74
36 45 12
36 58 89
36 52 6
36 30 9
36 91 1
36 1 91
36 27 65
36 26 3
36 90 16
36 0 9
36 41 83
36 24 160
36 35 13
36 6 34
36 40 9
36 56 7
36 87 1
36 79 10
36 44 2
36 57 16
36 22 11
36 48 8
36 19 13
36 8 2
36 16 4
36 43 1
36 21 6
36 59 1
36 31 3
36 61 2
36 54 6
37 17 36
37 46 505
37 28 127
37 89 22
37 75 1227
37 18 496
37 82 5
37 3 9
37 94 27
37 67 3
37 54 4
37 27 42
37 11 358
37 1 68
37 2 801
37 93 7
37 26 3
37 34 265
37 30 16
37 32 76
37 58 69
37 5 47
37 96 2
37 10 7
37 0 6
37 90 14
37 35 13
37 6 52
37 14 71
37 63 53
37 12 52
37 24 108
37 9 15
37 19 10
37 59 5
37 22 9
37 62 7
37 48 7
37 79 6
37 87 2
37 40 15
37 56 1
37 71 4
37 31 5
37 36 35
37 84 7
37 41 69
37 38 4
37 50 5
37 21 5
37 57 17
37 53 3
37 44 1
37 45 7
37 77 1
37 8 2
37 16 1
37 52 1
37 43 1
38 96 1
38 5 22
38 62 4
38 63 36
38 14 50
38 75 841
38 89 25
38 32 45
38 2 424
38 93 8
38 18 322
38 82 2
38 67 11
38 3 9
38 94 17
38 34 192
38 53 1
38 9 9
38 11 176
38 1 45
38 12 52
38 46 223
38 35 7
38 6 17
38 37 14
38 28 68
38 27 33
38 45 2
38 58 66
38 87 3
38 79 3
38 36 29
38 0 8
38 90 7
38 22 9
38 40 7
38 17 25
38 24 83
38 41 54
38 30 5
38 26 2
38 57 24
38 84 11
38 19 10
38 48 5
38 49 1
38 31 3
38 71 1
38 10 1
38 54 2
38 50 1
38 43 1
38 16 1
40 71 11
40 89 62
40 42 1
40 75 2396
40 10 13
40 82 18
40 18 1476
40 93 26
40 2 1607
40 34 801
40 94 109
40 3 27
40 67 21
40 11 954
40 28 355
40 8 8
40 1 129
40 12 149
40 5 154
40 96 3
40 32 191
40 30 9
40 24 255
40 57 100
40 44 5
40 27 206
40 46 1301
40 54 13
40 17 113
40 63 139
40 14 133
40 84 46
40 58 270
40 37 60
40 35 46
40 36 90
40 22 33
40 90 59
40 0 53
40 38 11
40 50 28
40 41 238
40 79 10
40 87 10
40 9 32
40 19 86
40 47 3
40 6 75
40 52 12
40 26 7
40 59 14
40 49 11
40 62 19
40 21 10
40 31 23
40 48 19
40 45 10
40 16 5
40 56 10
40 53 6
40 43 5
40 33 2
40 74 3
40 77 4
40 91 3
40 61 1
40 55 1
41 89 92
41 75 4664
41 93 42
41 2 3148
41 34 1394
41 0 139
41 90 96
41 58 486
41 46 2495
41 5 286
41 96 5
41 32 346
41 11 1676
41 61 10
41 28 651
41 18 2689
41 63 238
41 14 287
41 52 16
41 91 6
41 1 260
41 12 242
41 47 3
41 6 147
41 17 209
41 31 47
41 37 106
41 84 69
41 53 11
41 33 5
41 45 33
41 9 60
41 79 26
41 27 423
41 94 147
41 3 65
41 67 25
41 30 52
41 57 114
41 35 72
41 87 23
41 56 19
41 40 83
41 48 48
41 50 73
41 21 12
41 43 7
41 24 567
41 10 9
41 54 16
41 36 153
41 8 6
41 19 119
41 71 28
41 59 18
41 49 11
41 22 68
41 16 9
41 74 5
41 62 30
41 44 16
41 82 32
41 38 30
41 55 8
41 42 9
41 60 1
41 77 5
41 26 7
42 46 350
42 63 48
42 14 42
42 87 3
42 34 203
42 2 444
42 93 10
42 58 126
42 45 7
42 11 200
42 75 1161
42 5 34
42 38 5
42 41 54
42 18 449
42 82 1
42 24 124
42 67 6
42 12 61
42 90 13
42 0 2
42 28 75
42 31 9
42 32 50
42 40 10
42 27 47
42 1 42
42 35 15
42 84 14
42 19 9
42 57 28
42 94 24
42 3 19
42 52 2
42 62 7
42 43 2
42 17 17
42 71 6
42 89 18
42 79 10
42 9 12
42 53 8
42 8 3
42 37 16
42 50 14
42 30 18
42 26 1
42 21 2
42 54 7
42 47 1
42 6 22
42 22 14
42 36 41
42 10 1
42 33 2
42 44 2
42 56 3
42 16 1
42 49 3
42 48 3
42 77 1
42 61 1
42 59 1
43 34 97
43 2 126
43 67 3
43 18 140
43 82 2
43 75 206
43 11 94
43 3 1
43 94 9
43 28 32
43 53 1
43 46 116
43 36 9
43 0 1
43 90 4
43 10 2
43 89 4
43 9 2
43 32 20
43 63 8
43 14 17
43 41 20
43 12 12
43 24 34
43 37 5
43 50 2
43 17 9
43 1 13
43 62 2
43 58 23
43 35 3
43 6 6
43 27 7
43 59 1
43 22 2
43 5 7
43 16 1
43 19 3
43 57 4
43 84 3
43 45 1
43 77 1
43 8 1
44 32 19
44 58 34
44 75 163
44 50 1
44 34 72
44 2 129
44 93 2
44 54 3
44 9 1
44 89 4
44 24 23
44 46 135
44 56 1
44 18 173
44 82 1
44 11 76
44 63 8
44 14 8
44 41 9
44 36 4
44 0 1
44 90 6
44 12 15
44 1 9
44 91 1
44 71 1
44 22 2
44 27 20
44 28 32
44 5 12
44 94 12
44 3 2
44 30 1
44 47 1
44 6 10
44 17 8
44 37 3
44 35 3
44 84 5
44 57 8
44 31 4
44 19 4
44 48 2
44 45 1
44 79 1
44 52 1
45 89 8
45 42 1
45 75 511
45 2 273
45 93 5
45 24 62
45 94 14
45 3 7
45 30 5
45 46 198
45 34 93
45 11 117
45 18 247
45 82 1
45 67 4
45 58 49
45 1 32
45 37 8
45 41 22
45 27 24
45 12 26
45 32 26
45 96 1
45 5 13
45 28 49
45 84 4
45 0 4
45 90 6
45 10 4
45 40 5
45 49 2
45 22 8
45 53 4
45 57 17
45 9 6
45 79 6
45 33 1
45 38 1
45 14 27
45 63 23
45 6 15
45 35 7
45 36 21
45 54 3
45 44 2
45 31 4
45 71 3
45 26 2
45 56 2
45 17 10
45 62 2
45 16 1
45 8 2
45 19 3
45 48 1
45 50 1
45 21 2
46 36 1419
46 96 127
46 5 1828
46 54 354
46 90 787
46 0 781
46 10 247
46 28 7373
46 57 2064
46 87 129
46 50 406
46 8 202
46 1 2146
46 42 63
46 93 320
46 2 17604
46 34 15346
46 75 24218
46 11 13314
46 84 879
46 33 47
46 94 3375
46 3 551
46 67 602
46 82 233
46 18 34475
46 43 117
46 63 3643
46 14 1993
46 32 4121
46 38 173
46 89 405
46 62 203
46 47 56
46 45 299
46 58 3895
46 35 1481
46 74 80
46 30 346
46 27 4113
46 31 465
46 37 684
46 6 1385
46 24 7109
46 77 149
46 17 1699
46 41 3351
46 71 655
46 12 1389
46 79 200
46 16 189
46 22 336
46 9 304
46 19 857
46 21 305
46 40 845
46 61 103
46 55 82
46 59 147
46 56 126
46 48 276
46 53 331
46 49 94
46 44 141
46 26 104
46 60 25
46 52 163
46 91 43
47 18 484
47 56 6
47 89 12
47 40 5
47 75 1004
47 2 380
47 93 12
47 34 155
47 82 3
47 37 16
47 63 34
47 14 35
47 94 27
47 3 7
47 30 5
47 12 57
47 11 168
47 28 59
47 5 26
47 1 50
47 58 106
47 32 49
47 46 238
47 19 10
47 31 7
47 24 108
47 35 11
47 6 14
47 77 1
47 87 1
47 17 20
47 27 40
47 54 3
47 36 17
47 0 10
47 90 9
47 16 2
47 41 33
47 84 21
47 57 18
47 22 12
47 48 7
47 50 8
47 71 8
47 33 1
47 38 2
47 53 2
47 10 3
47 9 3
47 62 3
47 26 2
47 52 3
47 59 2
47 21 3
47 79 3
47 44 3
47 49 3
47 43 1
47 8 1
48 75 568
48 89 12
48 41 26
48 46 215
48 17 13
48 94 13
48 3 13
48 30 3
48 24 53
48 5 15
48 96 1
48 11 119
48 40 3
48 56 1
48 28 51
48 12 30
48 35 7
48 6 19
48 2 292
48 93 3
48 34 92
48 63 35
48 14 32
48 1 31
48 27 20
48 18 291
48 82 3
48 58 39
48 77 2
48 45 6
48 32 36
48 19 6
48 9 11
48 90 6
48 0 2
48 10 1
48 71 6
48 37 16
48 57 14
48 49 1
48 22 11
48 36 16
48 84 4
48 79 4
48 31 4
48 38 2
48 50 3
48 62 2
48 44 1
48 54 1
48 87 1
48 52 1
48 16 1
49 75 259
49 19 3
49 89 7
49 46 98
49 63 15
49 17 9
49 27 12
49 14 16
49 24 31
49 18 132
49 82 1
49 11 73
49 3 4
49 94 1
49 67 1
49 48 3
49 58 17
49 77 1
49 45 4
49 1 18
49 2 181
49 93 5
49 34 48
49 53 1
49 28 27
49 32 15
49 84 1
49 59 3
49 9 2
49 41 14
49 6 8
49 35 4
49 90 3
49 36 12
49 37 4
49 12 15
49 5 12
49 57 5
49 22 4
49 56 2
49 31 2
49 50 2
49 38 1
49 40 2
49 71 2
50 82 8
50 96 4
50 5 73
50 93 15
50 2 1056
50 12 81
50 28 202
50 84 28
50 11 511
50 75 1538
50 18 940
50 42 2
50 26 3
50 34 465
50 89 33
50 63 95
50 14 92
50 24 183
50 17 52
50 32 137
50 19 21
50 35 38
50 6 50
50 91 3
50 1 79
50 27 112
50 36 47
50 46 631
50 30 18
50 94 50
50 3 18
50 9 18
50 79 8
50 41 135
50 45 5
50 58 124
50 48 11
50 62 13
50 10 4
50 71 14
50 31 21
50 40 36
50 90 42
50 0 22
50 37 41
50 87 5
50 52 8
50 67 5
50 57 34
50 43 5
50 38 5
50 53 3
50 54 6
50 56 6
50 8 5
50 59 12
50 22 18
50 77 1
50 16 3
50 21 2
50 61 1
50 44 1
52 12 53
52 77 1
52 2 381
52 93 11
52 34 189
52 58 69
52 27 25
52 75 765
52 11 164
52 1 43
52 46 289
52 89 12
52 0 7
52 90 9
52 32 43
52 96 1
52 5 27
52 28 93
52 18 314
52 19 7
52 24 85
52 17 20
52 94 21
52 3 10
52 30 6
52 63 46
52 14 43
52 41 37
52 79 3
52 67 4
52 26 2
52 62 4
52 36 29
52 9 10
52 31 2
52 37 7
52 35 9
52 6 15
52 22 13
52 40 10
52 56 2
52 48 9
52 84 11
52 59 2
52 57 10
52 71 1
52 42 1
52 33 1
52 87 1
52 45 6
52 54 2
52 50 5
52 38 4
52 47 1
52 53 2
52 49 2
52 21 2
52 10 1
52 74 1
52 61 1
52 82 1
53 87 7
53 45 6
53 93 7
53 2 462
53 34 323
53 58 78
53 84 11
53 75 894
53 11 248
53 8 2
53 3 10
53 94 45
53 67 5
53 82 2
53 18 977
53 71 23
53 12 54
53 46 523
53 26 2
53 90 16
53 0 9
53 57 61
53 47 1
53 6 14
53 62 7
53 35 23
53 22 11
53 36 32
53 89 15
53 9 8
53 24 119
53 41 47
53 10 9
53 27 50
53 30 16
53 52 4
53 54 3
53 14 49
53 63 41
53 28 91
53 21 4
53 61 2
53 5 38
53 1 47
53 37 14
53 17 28
53 31 7
53 40 7
53 32 74
53 19 8
53 59 2
53 38 4
53 50 10
53 43 3
53 49 1
53 77 3
53 79 4
53 16 1
53 48 6
53 42 1
53 33 1
53 56 1
53 44 1
54 11 287
54 75 1122
54 58 97
54 34 256
54 93 4
54 2 631
54 53 5
54 26 2
54 45 6
54 32 74
54 79 8
54 87 3
54 46 553
54 31 16
54 82 2
54 18 651
54 24 135
54 19 19
54 21 3
54 1 62
54 91 1
54 27 109
54 61 1
54 28 124
54 63 67
54 14 56
54 89 21
54 50 14
54 38 6
54 52 6
54 9 13
54 41 57
54 84 21
54 37 27
54 90 16
54 0 10
54 17 33
54 57 39
54 44 1
54 3 12
54 94 54
54 30 9
54 12 63
54 10 1
54 71 13
54 5 52
54 47 2
54 6 34
54 35 17
54 36 23
54 40 11
54 67 7
54 22 20
54 56 6
54 48 7
54 59 6
54 16 1
54 62 5
54 49 3
54 8 1
54 77 4
54 33 1
54 74 1
54 42 1
54 96 1
54 43 1
54 60 1
55 32 29
55 58 35
55 12 17
55 2 192
55 93 5
55 34 117
55 17 13
55 63 17
55 14 22
55 75 393
55 89 4
55 18 173
55 11 92
55 27 21
55 50 4
55 38 4
55 5 13
55 46 140
55 19 4
55 24 62
55 1 25
55 40 4
55 41 22
55 28 37
55 22 5
55 0 3
55 90 6
55 67 4
55 3 4
55 94 9
55 84 8
55 35 9
55 57 12
55 53 2
55 44 1
55 77 1
55 9 3
55 87 3
55 79 2
55 45 3
55 52 1
55 30 5
55 6 5
55 71 3
55 59 1
55 36 10
55 16 1
55 43 1
55 37 5
55 48 3
55 62 3
55 31 4
55 54 2
56 41 14
56 1 17
56 75 263
56 89 5
56 34 61
56 2 163
56 93 5
56 53 2
56 28 44
56 11 79
56 46 97
56 18 153
56 82 2
56 12 17
56 35 4
56 6 8
56 58 19
56 5 15
56 32 22
56 17 10
56 27 10
56 24 20
56 9 4
56 14 22
56 63 8
56 57 7
56 71 1
56 3 6
56 94 1
56 40 3
56 22 7
56 19 3
56 36 8
56 84 1
56 37 3
56 90 6
56 0 2
56 79 1
56 48 3
56 30 1
56 38 1
56 43 1
56 54 1
57 28 392
57 46 1855
57 50 20
57 11 844
57 75 2658
57 27 214
57 38 21
57 61 5
57 82 13
57 18 2086
57 26 8
57 34 809
57 42 5
57 93 20
57 2 1655
57 89 63
57 84 58
57 30 14
57 3 41
57 94 216
57 41 122
57 90 41
57 0 35
57 96 2
57 5 144
57 17 106
57 24 260
57 32 216
57 67 26
57 14 142
57 63 183
57 21 6
57 12 148
57 37 48
57 45 21
57 58 288
57 79 17
57 9 19
57 77 7
57 1 152
57 54 24
57 36 76
57 6 83
57 35 34
57 87 9
57 16 8
57 48 25
57 53 18
57 31 22
57 19 37
57 22 34
57 59 9
57 49 10
57 56 10
57 40 43
57 62 8
57 71 20
57 33 4
57 52 11
57 10 8
57 55 2
57 74 2
57 8 5
57 60 2
57 43 6
57 47 2
57 44 2
58 11 3876
58 75 17049
58 46 6069
58 28 1595
58 3 196
58 94 527
58 30 178
58 34 4877
58 93 238
58 2 7060
58 82 74
58 18 13579
58 89 268
58 24 4350
58 41 938
58 91 22
58 1 714
58 12 650
58 5 1058
58 96 35
58 32 1142
58 31 162
58 27 1586
58 8 41
58 77 38
58 17 425
58 26 29
58 0 271
58 90 271
58 53 95
58 50 228
58 84 305
58 38 70
58 54 82
58 10 63
58 36 497
58 37 213
58 55 14
58 14 623
58 63 1398
58 35 237
58 6 697
58 62 91
58 59 112
58 71 132
58 44 55
58 57 490
58 19 379
58 16 19
58 79 108
58 40 243
58 60 18
58 22 265
58 87 56
58 52 60
58 49 49
58 61 38
58 45 140
58 21 138
58 43 26
58 74 18
58 9 158
58 48 151
58 56 52
58 67 135
58 42 44
58 47 23
58 33 24
59 93 12
59 2 614
59 34 270
59 18 522
59 3 14
59 94 16
59 14 48
59 46 478
59 63 60
59 31 12
59 11 323
59 75 1022
59 28 130
59 27 86
59 91 1
59 1 40
59 32 89
59 58 142
59 24 215
59 21 5
59 41 81
59 6 18
59 71 21
59 12 36
59 17 30
59 79 4
59 57 26
59 36 35
59 37 19
59 35 23
59 50 13
59 38 4
59 82 7
59 62 9
59 89 12
59 9 13
59 53 4
59 26 4
59 67 1
59 33 1
59 5 42
59 96 3
59 19 14
59 84 18
59 52 8
59 8 3
59 22 15
59 45 9
59 87 4
59 0 6
59 90 12
59 49 2
59 48 5
59 16 2
59 10 2
59 55 2
59 60 1
59 30 8
59 40 8
59 54 5
59 56 4
59 77 2
59 61 1
59 44 3
59 42 1
59 43 1
60 63 16
60 84 3
60 34 80
60 93 1
60 2 161
60 14 12
60 45 1
60 32 17
60 58 28
60 11 92
60 75 246
60 18 142
60 67 5
60 3 2
60 94 11
60 38 1
60 50 1
60 89 5
60 46 115
60 24 42
60 41 11
60 1 14
60 71 2
60 10 1
60 9 3
60 28 28
60 61 1
60 17 12
60 6 8
60 35 4
60 36 9
60 54 3
60 30 4
60 22 4
60 27 22
60 5 9
60 57 5
60 12 23
60 90 1
60 0 2
60 21 1
60 37 2
60 79 2
60 87 2
60 48 2
60 59 2
60 31 3
60 19 1
60 52 1
60 53 2
60 43 1
60 56 2
61 42 3
61 11 251
61 75 1069
61 45 9
61 53 4
61 58 151
61 34 350
61 2 446
61 93 21
61 50 7
61 38 9
61 89 21
61 33 1
61 3 22
61 94 36
61 67 13
61 18 509
61 30 7
61 46 453
61 35 18
61 6 34
61 28 100
61 90 18
61 0 7
61 26 3
61 31 8
61 63 88
61 14 45
61 1 55
61 71 18
61 56 4
61 40 10
61 22 16
61 54 3
61 24 169
61 27 40
61 17 28
61 57 28
61 62 6
61 47 1
61 32 67
61 52 1
61 8 3
61 84 12
61 12 50
61 36 42
61 37 17
61 5 40
61 96 2
61 48 12
61 16 5
61 41 42
61 79 9
61 59 5
61 10 5
61 9 15
61 49 4
61 77 3
61 60 1
61 19 13
61 21 3
61 87 1
61 44 1
61 82 3
62 75 888
62 89 12
62 63 32
62 46 312
62 14 44
62 36 29
62 12 56
62 0 7
62 90 9
62 10 4
62 34 181
62 2 462
62 93 8
62 53 4
62 11 204
62 18 430
62 82 2
62 84 14
62 32 52
62 28 85
62 52 2
62 8 2
62 30 9
62 94 22
62 3 11
62 41 59
62 24 103
62 27 58
62 9 15
62 79 5
62 5 35
62 58 75
62 6 17
62 35 8
62 1 45
62 40 9
62 37 22
62 17 26
62 67 2
62 19 11
62 49 1
62 31 2
62 57 14
62 22 14
62 71 8
62 50 4
62 38 3
62 48 5
62 45 4
62 56 1
62 59 4
62 54 2
62 77 1
62 16 1
62 42 1
62 33 1
63 11 2395
63 75 12047
63 84 256
63 46 6657
63 93 101
63 2 5767
63 82 48
63 18 7129
63 34 3090
63 24 2242
63 1 521
63 91 15
63 27 1738
63 58 1703
63 79 134
63 87 46
63 17 285
63 89 157
63 9 190
63 28 1309
63 41 723
63 31 115
63 32 1078
63 96 26
63 5 354
63 14 511
63 36 418
63 50 156
63 38 81
63 67 88
63 94 448
63 3 180
63 19 183
63 47 25
63 6 340
63 57 374
63 30 144
63 90 149
63 0 204
63 10 73
63 35 141
63 43 24
63 54 112
63 16 26
63 8 49
63 71 78
63 45 141
63 12 477
63 62 98
63 37 188
63 22 237
63 52 35
63 59 49
63 48 138
63 56 39
63 40 137
63 21 54
63 53 65
63 55 10
63 61 42
63 26 42
63 33 14
63 49 46
63 74 11
63 44 37
63 42 25
63 77 58
63 60 12
67 30 20
67 87 5
67 3 28
67 94 178
67 79 13
67 46 1708
67 31 23
67 27 190
67 34 691
67 93 30
67 2 1248
67 5 135
67 96 4
67 32 233
67 82 16
67 18 2312
67 28 591
67 75 2457
67 11 814
67 89 38
67 54 17
67 58 279
67 6 104
67 19 46
67 84 37
67 63 141
67 14 165
67 24 308
67 36 77
67 12 105
67 57 87
67 22 36
67 41 143
67 52 7
67 62 11
67 8 9
67 1 106
67 53 19
67 35 50
67 26 5
67 0 26
67 90 44
67 59 5
67 17 91
67 10 19
67 71 21
67 50 19
67 38 15
67 40 32
67 43 3
67 37 50
67 61 4
67 16 13
67 55 1
67 21 11
67 48 15
67 74 3
67 45 9
67 9 15
67 33 1
67 56 6
67 42 3
67 49 1
67 77 4
67 44 3
71 42 3
71 11 799
71 75 1873
71 93 18
71 2 1183
71 34 759
71 32 202
71 46 1534
71 89 50
71 41 163
71 50 28
71 38 13
71 14 97
71 63 76
71 5 134
71 58 225
71 45 15
71 9 18
71 82 28
71 18 1864
71 24 263
71 84 29
71 28 338
71 1 113
71 27 194
71 47 3
71 6 67
71 74 3
71 35 75
71 40 32
71 36 63
71 10 7
71 90 29
71 0 39
71 17 101
71 30 13
71 3 31
71 94 139
71 57 73
71 43 5
71 67 21
71 12 103
71 52 9
71 62 7
71 49 4
71 19 40
71 48 18
71 37 31
71 79 5
71 87 6
71 61 5
71 31 38
71 53 15
71 16 3
71 54 13
71 33 1
71 44 12
71 22 28
71 56 6
71 21 9
71 59 12
71 55 4
71 8 12
71 26 4
71 60 2
71 77 1
71 96 2
74 34 103
74 2 216
74 93 2
74 18 187
74 82 1
74 75 455
74 1 30
74 89 7
74 14 29
74 63 19
74 71 3
74 11 97
74 84 3
74 28 45
74 46 177
74 94 8
74 3 11
74 30 7
74 24 46
74 57 12
74 90 7
74 56 4
74 67 4
74 32 27
74 17 17
74 27 14
74 58 28
74 77 1
74 35 8
74 6 15
74 12 29
74 5 14
74 19 4
74 36 14
74 50 1
74 37 6
74 22 6
74 41 15
74 40 3
74 33 1
74 49 2
74 31 1
74 16 1
74 62 3
74 45 2
74 54 1
74 53 1
74 44 1
74 9 2
74 21 1
74 79 2
74 55 1
75 28 7278
75 46 28724
75 0 1286
75 90 1597
75 41 6810
75 26 504
75 61 262
75 11 16914
75 18 53541
75 34 24729
75 42 298
75 93 1668
75 2 58213
75 6 2545
75 63 7028
75 14 7399
75 8 415
75 77 411
75 62 1016
75 96 260
75 5 2991
75 33 234
75 87 419
75 10 586
75 71 754
75 91 211
75 1 7875
75 89 3421
75 59 551
75 54 469
75 50 1137
75 32 5668
75 27 6537
75 24 18235
75 67 993
75 94 3094
75 3 2421
75 37 2693
75 21 453
75 31 645
75 58 13975
75 40 1288
75 84 2114
75 36 4976
75 57 2850
75 44 288
75 74 194
75 35 1683
75 12 10424
75 22 2376
75 79 1208
75 17 2381
75 16 232
75 19 1113
75 38 894
75 49 467
75 60 52
75 45 1028
75 43 222
75 53 1277
75 47 251
75 30 1769
75 82 460
75 48 1399
75 52 380
75 56 643
75 9 1976
75 55 73
77 75 1375
77 11 288
77 18 580
77 82 5
77 58 95
77 26 2
77 2 621
77 93 13
77 34 239
77 89 20
77 14 65
77 63 94
77 17 40
77 50 17
77 46 411
77 32 58
77 24 154
77 12 91
77 40 19
77 67 9
77 3 17
77 94 33
77 84 14
77 30 14
77 5 28
77 96 1
77 28 103
77 27 88
77 41 64
77 21 6
77 19 19
77 35 17
77 6 19
77 36 36
77 10 2
77 0 12
77 90 23
77 1 64
77 62 12
77 56 7
77 31 14
77 22 21
77 45 11
77 38 4
77 54 10
77 9 14
77 53 4
77 71 6
77 43 2
77 37 16
77 48 13
77 79 8
77 8 3
77 61 1
77 57 35
77 59 3
77 49 1
77 44 2
77 16 1
77 52 4
77 87 1
77 47 1
79 96 1
79 5 38
79 36 57
79 34 250
79 12 80
79 10 7
79 0 12
79 90 18
79 32 68
79 46 401
79 26 2
79 2 601
79 93 12
79 75 1333
79 89 22
79 11 251
79 59 3
79 28 112
79 37 20
79 24 118
79 18 535
79 6 35
79 35 11
79 27 72
79 94 30
79 3 25
79 30 7
79 45 10
79 58 126
79 1 68
79 14 77
79 63 65
79 40 11
79 54 6
79 71 8
79 41 51
79 84 15
79 48 11
79 53 5
79 67 8
79 38 8
79 50 11
79 9 13
79 17 34
79 31 7
79 49 6
79 19 12
79 74 1
79 21 7
79 57 24
79 44 3
79 22 18
79 62 3
79 8 3
79 43 1
79 55 1
79 82 3
79 61 1
79 77 3
79 52 3
79 87 2
79 56 1
79 16 2
79 60 1
82 31 13
82 89 28
82 11 401
82 75 1021
82 34 305
82 93 11
82 2 691
82 24 129
82 84 16
82 46 468
82 18 709
82 30 4
82 94 41
82 3 20
82 26 2
82 90 20
82 0 30
82 27 127
82 10 3
82 1 54
82 50 14
82 58 106
82 63 38
82 14 57
82 67 16
82 48 7
82 5 80
82 28 157
82 21 2
82 19 18
82 35 21
82 47 2
82 6 20
82 41 93
82 57 25
82 38 6
82 22 16
82 49 1
82 17 47
82 71 12
82 40 10
82 36 20
82 12 56
82 59 4
82 32 82
82 52 4
82 87 5
82 79 3
82 37 22
82 53 5
82 33 1
82 9 10
82 62 10
82 43 2
82 45 4
82 56 4
82 77 1
82 54 1
82 55 1
82 42 1
82 44 2
82 74 1
82 8 1
84 46 2724
84 67 50
84 26 12
84 94 232
84 3 63
84 32 322
84 93 61
84 2 2550
84 34 1480
84 42 3
84 82 38
84 18 3387
84 89 72
84 75 4446
84 41 324
84 14 197
84 63 296
84 12 254
84 1 251
84 91 5
84 27 556
84 11 1455
84 30 34
84 58 513
84 28 626
84 24 510
84 19 100
84 54 38
84 31 95
84 36 110
84 35 88
84 22 64
84 59 14
84 17 181
84 96 9
84 5 200
84 50 52
84 9 50
84 0 90
84 90 65
84 57 195
84 48 38
84 77 10
84 56 15
84 40 93
84 52 20
84 8 20
84 44 17
84 10 35
84 71 50
84 16 10
84 79 29
84 6 140
84 47 10
84 62 37
84 37 98
84 21 19
84 55 9
84 45 36
84 53 18
84 33 6
84 38 29
84 49 9
84 87 16
84 61 4
84 74 1
84 43 6
87 46 230
87 89 3
87 9 2
87 75 344
87 90 9
87 0 6
87 41 28
87 18 222
87 82 5
87 28 55
87 8 3
87 67 2
87 3 5
87 94 18
87 11 150
87 32 30
87 2 289
87 93 3
87 34 112
87 53 1
87 63 17
87 14 23
87 38 3
87 50 4
87 71 7
87 27 27
87 30 2
87 56 2
87 58 47
87 59 2
87 31 8
87 24 39
87 1 33
87 12 27
87 35 10
87 6 11
87 5 32
87 17 18
87 37 10
87 48 2
87 19 7
87 10 2
87 84 5
87 36 8
87 52 3
87 40 8
87 21 2
87 62 3
87 57 4
87 16 2
87 79 1
87 44 1
87 22 2
89 45 7
89 96 1
89 5 57
89 32 71
89 56 7
89 40 23
89 63 51
89 14 67
89 60 2
89 77 2
89 31 8
89 58 115
89 75 2247
89 11 325
89 93 17
89 2 856
89 84 17
89 34 311
89 8 3
89 82 6
89 18 657
89 46 313
89 62 14
89 50 13
89 38 9
89 9 18
89 49 5
89 24 211
89 37 16
89 91 1
89 1 97
89 27 96
89 6 23
89 35 13
89 19 15
89 12 120
89 28 142
89 17 40
89 48 6
89 67 9
89 3 14
89 94 37
89 10 5
89 0 16
89 90 22
89 54 5
89 36 40
89 26 2
89 41 93
89 59 7
89 30 5
89 44 3
89 57 42
89 22 20
89 71 6
89 79 7
89 21 3
89 53 5
89 16 1
89 87 3
89 61 1
89 52 3
89 42 1
90 82 7
90 67 7
90 18 848
90 2 1267
90 93 21
90 34 420
90 3 29
90 94 59
90 11 598
90 75 1978
90 28 263
90 89 36
90 41 130
90 50 19
90 38 9
90 9 15
90 45 11
90 58 189
90 96 1
90 5 73
90 32 106
90 14 115
90 63 87
90 6 50
90 46 836
90 10 6
90 71 7
90 1 122
90 27 93
90 12 136
90 37 39
90 24 224
90 36 69
90 30 18
90 40 17
90 84 24
90 19 24
90 79 7
90 48 14
90 17 84
90 8 6
90 53 8
90 33 2
90 43 3
90 52 5
90 0 17
90 54 9
90 35 28
90 57 47
90 22 16
90 59 5
90 56 6
90 31 10
90 62 9
90 61 4
90 74 2
90 44 6
90 16 3
90 77 2
90 49 4
90 21 3
90 87 4
91 58 43
91 75 243
91 89 1
91 45 1
91 77 3
91 87 2
91 14 6
91 63 9
91 38 1
91 50 1
91 11 51
91 30 3
91 94 6
91 3 2
91 41 10
91 22 3
91 18 199
91 27 38
91 28 22
91 90 4
91 0 6
91 84 3
91 93 4
91 2 107
91 9 2
91 1 11
91 34 50
91 53 4
91 54 1
91 40 2
91 46 96
91 24 21
91 6 13
91 35 6
91 36 5
91 71 2
91 10 1
91 19 6
91 12 18
91 32 9
91 5 6
91 59 4
91 49 2
91 17 7
91 62 2
91 37 6
91 57 3
91 44 1
91 16 1
91 31 2
93 63 14
93 14 34
93 89 20
93 9 2
93 19 12
93 11 184
93 75 612
93 41 34
93 38 1
93 50 4
93 2 387
93 34 175
93 57 15
93 35 5
93 6 16
93 47 1
93 84 6
93 18 308
93 67 4
93 3 9
93 94 8
93 10 2
93 0 4
93 90 5
93 12 32
93 58 44
93 45 2
93 87 1
93 32 29
93 22 6
93 1 31
93 27 33
93 46 233
93 36 20
93 30 3
93 26 1
93 71 1
93 28 63
93 5 23
93 24 69
93 17 20
93 37 20
93 48 3
93 21 3
93 59 3
93 56 2
93 40 8
93 8 1
93 62 2
93 52 1
94 89 57
94 9 23
94 75 3219
94 17 147
94 93 55
94 2 1868
94 34 1110
94 0 71
94 90 52
94 96 6
94 5 159
94 24 417
94 50 46
94 11 1122
94 12 135
94 16 9
94 46 2424
94 82 34
94 18 2796
94 8 12
94 28 598
94 84 97
94 19 64
94 41 218
94 1 166
94 27 383
94 87 14
94 79 18
94 32 342
94 58 383
94 45 23
94 35 81
94 36 94
94 54 26
94 30 23
94 40 76
94 14 229
94 63 202
94 37 52
94 53 25
94 3 43
94 67 57
94 57 167
94 22 43
94 38 18
94 10 17
94 71 71
94 21 19
94 47 7
94 6 82
94 55 7
94 49 9
94 52 20
94 31 39
94 44 8
94 43 9
94 48 18
94 56 10
94 62 17
94 59 18
94 77 12
94 74 6
94 42 2
94 61 2
94 26 8
94 60 2
94 33 2
94 91 1
96 87 2
96 18 461
96 82 3
96 58 107
96 34 229
96 93 10
96 2 545
96 75 1204
96 11 249
96 79 11
96 14 72
96 63 97
96 71 6
96 30 6
96 3 17
96 94 28
96 5 32
96 12 88
96 32 75
96 36 45
96 46 385
96 37 17
96 57 15
96 24 144
96 35 13
96 27 54
96 16 4
96 28 112
96 6 29
96 19 13
96 0 11
96 90 21
96 26 5
96 61 2
96 84 12
96 41 58
96 91 1
96 1 58
96 60 1
96 48 11
96 17 24
96 8 2
96 53 6
96 52 6
96 40 9
96 22 20
96 62 8
96 45 5
96 67 6
96 33 3
96 50 6
96 38 9
96 89 17
96 56 1
96 43 1
96 9 11
96 10 7
96 59 3
96 31 8
96 49 3
96 44 2
96 54 3
96 77 1
96 74 1
96 21 1
