0 63 2336
0 31 49
0 61 52
0 45 3
0 1 128
0 66 30
0 9 773
0 26 652
0 67 90
0 2 1456
0 41 20
0 30 10
0 55 21
0 8 13
0 64 35
0 36 12
0 62 6
0 4 205
0 3 32
0 68 2
0 24 167
0 48 320
0 14 1441
0 60 23
0 20 267
0 58 3
0 13 103
0 18 322
0 53 155
0 11 119
0 25 5
0 54 11
0 21 323
0 37 1110
0 15 76
0 22 14
0 47 63
0 35 2
0 39 15
0 52 15
0 10 104
0 32 264
0 28 74
0 17 38
0 29 43
0 27 28
0 38 1
0 5 79
0 44 9
0 49 12
0 12 5
0 16 10
0 7 14
0 59 8
0 51 2
0 23 15
0 42 7
0 6 3
0 46 7
0 34 3
0 19 8
0 50 1
0 40 3
0 65 3
0 43 4
0 33 1
1 9 548
1 66 14
1 2 1221
1 67 37
1 20 80
1 60 2
1 63 1788
1 14 729
1 24 94
1 61 9
1 43 3
1 19 3
1 26 362
1 53 53
1 11 105
1 18 159
1 37 529
1 10 153
1 36 11
1 48 122
1 21 193
1 7 15
1 32 84
1 4 69
1 29 29
1 27 25
1 5 54
1 52 11
1 39 16
1 22 12
1 3 29
1 44 11
1 8 7
1 0 14
1 64 26
1 28 71
1 46 4
1 31 20
1 15 23
1 58 2
1 13 73
1 62 2
1 59 9
1 16 4
1 55 10
1 30 10
1 41 14
1 47 27
1 17 16
1 6 4
1 51 3
1 49 8
1 50 2
1 56 2
1 23 7
1 42 6
1 34 3
1 40 5
1 35 3
1 54 1
1 33 2
2 32 251
2 8 18
2 54 11
2 63 3482
2 55 17
2 67 85
2 10 272
2 3 51
2 14 1709
2 24 249
2 43 14
2 44 9
2 26 794
2 9 1603
2 1 254
2 66 20
2 61 35
2 37 1115
2 41 33
2 18 366
2 65 1
2 0 45
2 64 55
2 19 2
2 46 16
2 31 46
2 21 589
2 20 205
2 52 11
2 38 4
2 11 242
2 53 158
2 28 106
2 59 23
2 62 12
2 36 14
2 48 249
2 4 174
2 17 37
2 27 57
2 5 76
2 22 17
2 42 12
2 35 5
2 47 66
2 30 9
2 13 120
2 29 98
2 56 4
2 23 31
2 15 37
2 7 24
2 34 3
2 40 5
2 39 19
2 51 1
2 6 9
2 12 3
2 60 10
2 49 6
2 16 3
2 45 3
2 58 6
2 33 2
2 25 1
3 54 4
3 14 306
3 63 818
3 66 6
3 1 61
3 9 186
3 26 215
3 2 494
3 67 11
3 61 9
3 21 93
3 37 282
3 41 5
3 55 7
3 47 22
3 45 1
3 7 9
3 34 2
3 11 54
3 53 52
3 10 50
3 24 43
3 68 2
3 4 32
3 30 1
3 32 44
3 18 68
3 52 3
3 28 39
3 20 45
3 58 2
3 48 56
3 13 22
3 29 10
3 44 2
3 27 13
3 5 21
3 42 3
3 22 6
3 15 7
3 64 10
3 0 6
3 19 3
3 17 19
3 49 2
3 40 2
3 39 7
3 31 5
3 56 1
3 59 2
3 62 1
3 23 3
3 46 6
3 16 3
4 3 9
4 60 6
4 12 1
4 24 83
4 54 7
4 14 800
4 26 325
4 67 28
4 2 778
4 66 8
4 1 53
4 59 4
4 43 1
4 61 9
4 9 490
4 63 766
4 13 36
4 7 8
4 46 5
4 31 19
4 37 398
4 48 101
4 30 3
4 41 18
4 55 13
4 8 3
4 20 76
4 18 94
4 35 3
4 47 16
4 29 13
4 10 38
4 0 18
4 64 19
4 28 21
4 27 22
4 62 5
4 5 30
4 21 183
4 32 53
4 15 19
4 44 2
4 53 33
4 11 51
4 42 3
4 22 4
4 50 1
4 17 4
4 52 4
4 39 3
4 23 11
4 6 2
4 40 3
4 36 2
4 49 2
4 25 1
5 63 742
5 14 691
5 54 4
5 20 41
5 3 4
5 68 1
5 60 4
5 67 29
5 2 686
5 7 11
5 11 64
5 53 35
5 4 52
5 43 4
5 66 5
5 1 50
5 26 218
5 47 20
5 9 314
5 61 6
5 62 1
5 59 2
5 24 77
5 48 110
5 30 3
5 41 4
5 37 409
5 10 42
5 21 149
5 18 89
5 0 6
5 64 15
5 8 4
5 28 31
5 32 64
5 13 37
5 55 3
5 29 29
5 42 1
5 22 6
5 35 2
5 15 18
5 31 8
5 39 2
5 52 7
5 17 7
5 27 10
5 12 1
5 23 13
5 44 4
5 16 2
5 49 4
5 36 1
5 58 1
5 46 1
5 34 1
6 37 539
6 53 40
6 11 52
6 43 8
6 30 5
6 63 1033
6 41 20
6 48 95
6 66 10
6 1 63
6 2 529
6 67 52
6 19 1
6 26 284
6 58 2
6 24 57
6 36 7
6 32 66
6 7 12
6 60 3
6 14 679
6 3 15
6 68 2
6 54 8
6 22 12
6 65 1
6 0 15
6 20 74
6 9 281
6 47 19
6 18 99
6 5 24
6 27 18
6 21 145
6 10 74
6 55 16
6 35 6
6 28 34
6 8 7
6 64 20
6 44 15
6 4 46
6 29 24
6 13 33
6 31 12
6 17 10
6 59 4
6 61 10
6 16 4
6 39 5
6 40 3
6 25 1
6 23 22
6 15 18
6 52 4
6 42 3
6 12 2
6 45 1
6 46 3
6 34 2
6 38 1
6 56 2
6 62 1
6 49 1
7 37 294
7 21 86
7 2 609
7 67 21
7 26 196
7 9 252
7 66 12
7 1 55
7 27 19
7 63 1110
7 47 19
7 5 30
7 10 77
7 55 5
7 30 5
7 41 6
7 29 18
7 14 389
7 60 2
7 54 5
7 3 22
7 68 1
7 24 49
7 48 67
7 36 4
7 62 1
7 59 3
7 53 43
7 11 54
7 20 39
7 15 10
7 28 36
7 0 8
7 64 15
7 32 53
7 17 18
7 35 1
7 39 5
7 4 24
7 18 101
7 61 13
7 13 28
7 58 2
7 31 15
7 46 5
7 16 4
7 56 1
7 22 8
7 23 7
7 40 1
7 43 3
7 42 2
7 44 2
7 49 1
7 8 5
7 51 1
7 38 1
7 34 2
7 52 2
8 26 219
8 2 553
8 67 31
8 66 15
8 1 38
8 21 101
8 53 47
8 37 474
8 11 57
8 4 38
8 68 1
8 3 8
8 7 15
8 63 1021
8 14 523
8 60 3
8 30 8
8 32 51
8 61 12
8 9 259
8 15 16
8 10 65
8 20 60
8 18 120
8 22 8
8 5 38
8 27 20
8 24 66
8 31 12
8 46 2
8 29 27
8 0 8
8 64 4
8 48 79
8 47 32
8 41 7
8 13 18
8 43 6
8 54 13
8 39 7
8 55 6
8 28 30
8 44 5
8 42 3
8 17 13
8 19 2
8 38 1
8 34 1
8 36 6
8 62 2
8 52 3
8 35 4
8 25 1
8 58 2
8 23 2
8 59 1
9 37 1856
9 1 174
9 66 26
9 33 2
9 67 106
9 2 2919
9 34 6
9 14 2302
9 20 192
9 60 19
9 32 206
9 51 7
9 21 709
9 43 9
9 26 1012
9 63 1719
9 68 2
9 3 31
9 54 23
9 8 14
9 55 42
9 41 38
9 44 22
9 64 45
9 0 49
9 28 41
9 4 279
9 61 43
9 31 63
9 62 8
9 38 3
9 5 74
9 52 8
9 27 96
9 24 250
9 16 4
9 18 402
9 30 11
9 22 15
9 15 61
9 23 36
9 48 264
9 35 2
9 47 62
9 13 252
9 10 189
9 29 42
9 17 23
9 11 145
9 53 107
9 6 8
9 49 18
9 7 18
9 25 5
9 42 11
9 36 8
9 59 10
9 12 2
9 39 13
9 40 2
9 46 4
9 58 5
9 50 2
9 45 3
9 65 1
9 19 1
10 30 29
10 63 4640
10 9 1241
10 41 20
10 32 205
10 11 249
10 53 167
10 52 19
10 8 10
10 64 52
10 65 1
10 0 29
10 44 11
10 28 137
10 2 2671
10 67 89
10 68 2
10 3 56
10 54 17
10 60 10
10 14 1663
10 25 4
10 26 815
10 1 397
10 66 37
10 61 27
10 15 43
10 37 1255
10 4 150
10 24 215
10 7 57
10 18 337
10 42 16
10 22 34
10 49 13
10 20 153
10 21 389
10 58 5
10 36 23
10 48 245
10 35 17
10 47 78
10 27 64
10 5 76
10 19 7
10 13 124
10 62 9
10 59 27
10 29 75
10 46 15
10 31 41
10 17 56
10 39 32
10 23 19
10 55 17
10 12 8
10 16 8
10 40 9
10 45 3
10 6 5
10 56 1
10 43 7
10 51 2
10 33 1
10 34 3
11 61 13
11 37 579
11 7 20
11 30 13
11 63 1695
11 66 16
11 1 133
11 41 20
11 2 1257
11 67 49
11 43 8
11 19 5
11 26 315
11 9 440
11 36 15
11 48 100
11 24 128
11 3 29
11 54 7
11 60 3
11 14 673
11 53 63
11 42 10
11 22 12
11 15 25
11 21 228
11 4 70
11 47 35
11 32 103
11 6 3
11 28 61
11 8 6
11 0 9
11 64 22
11 10 102
11 13 31
11 18 149
11 20 74
11 62 3
11 59 8
11 52 9
11 16 5
11 44 6
11 49 5
11 40 11
11 17 15
11 29 38
11 27 18
11 5 45
11 23 8
11 56 3
11 31 13
11 46 7
11 50 1
11 51 2
11 25 2
11 55 10
11 39 7
11 58 3
11 34 3
12 37 203
12 21 56
12 9 131
12 41 3
12 30 3
12 63 365
12 48 43
12 24 25
12 68 2
12 3 2
12 4 17
12 14 210
12 60 1
12 54 4
12 67 15
12 2 208
12 26 109
12 66 4
12 1 13
12 33 1
12 43 1
12 22 3
12 42 2
12 13 17
12 31 8
12 46 4
12 7 8
12 5 9
12 27 12
12 62 2
12 59 1
12 47 13
12 10 18
12 15 7
12 29 9
12 20 14
12 18 44
12 28 15
12 55 3
12 8 1
12 11 14
12 53 22
12 64 6
12 0 3
12 61 5
12 32 10
12 17 2
12 23 3
12 40 1
12 52 1
12 36 1
12 39 1
12 38 1
12 49 1
13 2 841
13 67 45
13 26 303
13 9 523
13 33 1
13 66 6
13 1 106
13 21 198
13 61 12
13 23 10
13 63 867
13 19 1
13 64 28
13 0 12
13 65 1
13 37 548
13 18 98
13 3 13
13 54 5
13 60 5
13 14 719
13 4 78
13 20 77
13 41 14
13 7 9
13 24 76
13 34 2
13 53 36
13 11 73
13 8 3
13 55 7
13 10 76
13 35 1
13 47 24
13 52 5
13 32 74
13 44 3
13 28 32
13 36 5
13 59 3
13 62 3
13 48 87
13 22 5
13 27 21
13 29 14
13 38 1
13 5 23
13 15 15
13 30 2
13 16 4
13 12 1
13 40 3
13 39 7
13 31 14
13 17 10
13 49 3
13 58 2
13 42 3
13 25 3
13 46 1
13 43 1
14 1 1696
14 66 226
14 41 453
14 9 13315
14 63 26288
14 26 17009
14 67 2886
14 2 15637
14 48 8377
14 37 31661
14 61 1070
14 47 2404
14 42 95
14 22 301
14 68 70
14 3 333
14 4 3504
14 53 2426
14 11 1084
14 24 3084
14 7 212
14 8 223
14 55 796
14 23 685
14 36 142
14 44 366
14 30 157
14 17 464
14 60 378
14 0 609
14 65 63
14 20 5885
14 18 3318
14 39 163
14 52 160
14 10 1238
14 21 5801
14 15 683
14 27 1014
14 62 152
14 28 570
14 64 569
14 32 1922
14 29 421
14 59 121
14 5 2130
14 54 919
14 6 178
14 31 777
14 13 1644
14 49 176
14 35 147
14 38 85
14 12 217
14 51 65
14 40 41
14 45 52
14 50 23
14 19 65
14 56 51
14 33 43
14 16 133
14 34 135
14 25 39
14 43 566
14 46 102
14 58 95
15 66 14
15 1 75
15 9 443
15 33 1
15 63 1175
15 61 15
15 20 99
15 2 745
15 67 41
15 26 354
15 48 162
15 31 29
15 59 7
15 62 4
15 53 59
15 11 80
15 3 19
15 54 10
15 60 4
15 14 773
15 24 73
15 4 79
15 37 601
15 21 188
15 7 8
15 41 9
15 30 9
15 18 173
15 32 112
15 55 10
15 22 5
15 19 1
15 64 22
15 0 24
15 47 34
15 10 56
15 29 27
15 43 1
15 27 28
15 5 36
15 13 53
15 8 4
15 28 48
15 39 14
15 17 18
15 6 3
15 49 3
15 50 1
15 12 2
15 23 11
15 36 7
15 40 3
15 35 4
15 44 5
15 52 7
15 42 2
15 16 1
15 46 5
15 58 3
15 34 1
15 25 1
15 45 1
16 14 49
16 63 77
16 26 13
16 2 59
16 67 4
16 66 2
16 1 7
16 60 1
16 37 44
16 53 4
16 11 7
16 3 1
16 21 13
16 22 3
16 9 34
16 32 3
16 24 13
16 4 6
16 28 3
16 0 2
16 64 1
16 13 5
16 5 4
16 27 2
16 29 3
16 47 3
16 20 5
16 18 7
16 15 3
16 23 1
16 48 11
16 61 1
16 41 1
16 10 2
16 31 1
17 61 6
17 37 226
17 66 6
17 1 44
17 9 183
17 49 1
17 63 667
17 2 438
17 67 16
17 26 142
17 19 1
17 43 1
17 30 6
17 41 6
17 53 44
17 11 26
17 14 387
17 60 3
17 21 63
17 10 56
17 18 58
17 4 30
17 24 32
17 65 2
17 0 9
17 55 8
17 8 2
17 7 8
17 32 30
17 29 9
17 3 13
17 54 5
17 5 18
17 27 5
17 48 65
17 42 4
17 47 10
17 64 11
17 28 22
17 20 38
17 13 24
17 23 3
17 34 4
17 16 4
17 15 11
17 31 6
17 22 3
17 46 4
17 62 6
17 59 1
17 36 1
17 51 1
17 35 1
17 40 3
17 56 2
17 52 1
17 25 1
18 67 612
18 2 9922
18 26 5511
18 59 127
18 43 131
18 1 997
18 66 322
18 41 250
18 25 27
18 62 61
18 23 150
18 24 1316
18 48 4957
18 36 263
18 63 25723
18 9 4760
18 61 386
18 12 35
18 68 45
18 3 317
18 54 168
18 60 115
18 14 8940
18 52 134
18 4 644
18 37 11811
18 21 2172
18 53 2100
18 11 984
18 30 126
18 27 309
18 44 143
18 38 26
18 5 576
18 13 539
18 10 904
18 47 449
18 35 82
18 7 240
18 28 897
18 8 129
18 64 400
18 0 272
18 32 1421
18 15 454
18 20 2040
18 39 201
18 22 302
18 50 15
18 17 413
18 55 175
18 16 134
18 46 80
18 31 256
18 42 94
18 29 315
18 51 64
18 34 24
18 49 149
18 56 20
18 45 25
18 6 79
18 58 90
18 19 79
18 65 28
18 40 75
18 33 36
19 61 10
19 37 352
19 18 143
19 26 205
19 2 454
19 67 29
19 9 207
19 66 13
19 1 56
19 63 1062
19 24 59
19 28 28
19 14 361
19 60 2
19 54 6
19 3 16
19 11 44
19 53 39
19 21 86
19 10 93
19 55 6
19 17 14
19 20 52
19 29 16
19 0 8
19 64 19
19 4 27
19 32 53
19 13 22
19 48 60
19 27 20
19 5 18
19 35 3
19 47 17
19 30 6
19 41 8
19 39 9
19 31 7
19 46 6
19 43 2
19 36 5
19 7 13
19 40 2
19 34 1
19 59 5
19 22 6
19 42 4
19 23 11
19 49 3
19 52 2
19 15 6
19 6 2
19 16 6
19 56 1
19 45 1
19 51 1
19 12 2
19 44 4
19 33 1
19 8 3
19 58 2
19 38 2
19 62 1
19 25 1
20 1 554
20 66 115
20 9 3158
20 22 108
20 63 10442
20 67 630
20 2 6153
20 26 2628
20 18 1841
20 7 120
20 68 15
20 3 119
20 42 46
20 60 177
20 14 9750
20 54 101
20 64 195
20 65 13
20 0 336
20 21 1608
20 11 489
20 53 1196
20 37 6418
20 46 46
20 32 1022
20 17 195
20 4 670
20 44 99
20 28 303
20 24 953
20 15 333
20 35 35
20 47 397
20 59 59
20 62 64
20 48 1513
20 36 85
20 5 409
20 27 165
20 41 210
20 58 32
20 13 424
20 31 277
20 49 75
20 8 67
20 55 118
20 10 439
20 16 49
20 30 59
20 39 105
20 61 322
20 29 129
20 23 195
20 52 85
20 43 65
20 40 16
20 45 18
20 6 43
20 25 12
20 38 16
20 56 11
20 51 13
20 50 4
20 19 15
20 12 22
20 33 8
20 34 19
21 18 181
21 2 1564
21 67 67
21 26 465
21 9 836
21 66 7
21 1 83
21 63 1186
21 37 1071
21 19 3
21 41 16
21 30 4
21 4 105
21 14 1174
21 60 5
21 32 122
21 3 18
21 22 6
21 53 76
21 11 89
21 24 139
21 64 42
21 0 17
21 31 24
21 13 73
21 48 134
21 15 29
21 7 12
21 20 140
21 10 59
21 54 13
21 5 61
21 6 6
21 43 3
21 61 25
21 46 3
21 49 6
21 34 5
21 36 3
21 55 14
21 17 30
21 44 12
21 27 37
21 29 34
21 47 31
21 23 19
21 8 5
21 28 49
21 39 6
21 45 1
21 12 2
21 52 6
21 16 1
21 35 1
21 50 1
21 59 1
21 62 1
21 42 4
22 63 1250
22 7 7
22 24 76
22 48 95
22 43 4
22 36 12
22 26 243
22 9 288
22 2 629
22 67 22
22 66 10
22 1 81
22 41 6
22 30 7
22 20 51
22 37 426
22 21 119
22 27 17
22 5 33
22 3 14
22 54 6
22 60 5
22 14 460
22 39 9
22 52 9
22 11 68
22 53 53
22 32 80
22 18 122
22 4 47
22 0 20
22 64 13
22 44 3
22 28 37
22 8 6
22 55 2
22 10 76
22 58 3
22 13 32
22 19 2
22 15 13
22 17 13
22 29 22
22 62 3
22 59 6
22 61 9
22 42 4
22 23 10
22 16 2
22 35 6
22 47 19
22 12 1
22 6 4
22 31 9
22 46 3
22 34 4
22 49 4
22 25 1
23 67 68
23 2 808
23 60 21
23 3 17
23 68 1
23 63 1127
23 54 9
23 1 81
23 66 15
23 9 514
23 65 1
23 0 23
23 20 150
23 21 194
23 14 942
23 37 619
23 25 1
23 18 137
23 41 23
23 26 399
23 4 95
23 24 108
23 7 13
23 15 27
23 53 45
23 11 56
23 47 39
23 64 21
23 28 30
23 13 51
23 22 7
23 42 2
23 62 7
23 5 31
23 27 32
23 32 75
23 48 140
23 49 8
23 10 82
23 31 28
23 46 4
23 29 26
23 17 21
23 61 21
23 58 5
23 30 6
23 43 4
23 16 2
23 55 15
23 44 7
23 6 3
23 40 2
23 12 2
23 50 1
23 36 3
23 39 3
23 56 1
23 35 1
23 51 2
23 52 4
23 8 3
23 19 1
23 45 1
23 59 1
24 2 2066
24 67 124
24 18 250
24 63 2290
24 7 38
24 0 42
24 65 2
24 66 25
24 1 159
24 37 1499
24 68 1
24 3 28
24 22 22
24 41 51
24 30 13
24 9 1038
24 51 4
24 21 550
24 19 6
24 26 862
24 43 13
24 60 19
24 14 1861
24 54 22
24 10 128
24 48 213
24 36 16
24 47 88
24 4 196
24 38 2
24 5 93
24 27 48
24 53 174
24 11 205
24 15 42
24 28 77
24 44 19
24 64 47
24 13 111
24 32 196
24 61 24
24 29 62
24 8 13
24 55 25
24 17 27
24 20 252
24 49 12
24 58 3
24 42 14
24 59 20
24 62 9
24 23 31
24 16 5
24 31 44
24 46 9
24 39 24
24 35 3
24 12 3
24 52 8
24 25 2
24 6 4
24 33 1
24 45 1
24 40 3
24 56 3
24 34 2
25 14 300
25 63 587
25 7 5
25 59 5
25 32 29
25 37 152
25 60 3
25 61 16
25 66 10
25 1 33
25 2 266
25 67 12
25 9 118
25 11 33
25 53 20
25 54 2
25 3 4
25 30 3
25 41 4
25 36 2
25 24 31
25 48 49
25 43 4
25 26 103
25 10 38
25 55 2
25 6 2
25 29 12
25 27 7
25 5 18
25 38 2
25 18 59
25 8 1
25 0 6
25 64 5
25 19 1
25 22 4
25 21 46
25 23 5
25 20 34
25 35 2
25 47 9
25 4 13
25 15 12
25 28 20
25 49 1
25 40 3
25 13 14
25 17 8
25 31 6
25 39 5
25 12 2
25 16 3
25 34 1
25 42 2
25 52 4
25 46 2
26 31 560
26 7 220
26 30 236
26 54 173
26 41 339
26 44 101
26 27 618
26 2 10149
26 67 922
26 68 25
26 3 442
26 15 393
26 37 14843
26 62 85
26 25 27
26 60 128
26 14 17863
26 51 62
26 61 429
26 63 18063
26 9 7431
26 18 2884
26 32 1504
26 4 1921
26 52 190
26 24 2112
26 21 2650
26 8 122
26 55 319
26 0 377
26 65 16
26 1 1087
26 64 338
26 20 1474
26 36 147
26 59 88
26 48 2717
26 47 853
26 28 509
26 17 305
26 10 1001
26 29 482
26 11 1064
26 53 1485
26 13 899
26 50 9
26 49 155
26 39 153
26 35 78
26 23 287
26 16 87
26 58 69
26 42 104
26 56 40
26 33 39
26 40 35
26 22 212
26 45 30
26 5 584
26 6 60
26 43 202
26 19 76
26 34 70
26 38 35
26 46 97
26 66 256
26 12 89
27 14 878
27 63 1166
27 66 12
27 1 66
27 9 623
27 26 454
27 2 983
27 67 52
27 20 74
27 60 4
27 53 48
27 11 82
27 37 869
27 29 32
27 8 6
27 0 15
27 64 26
27 28 42
27 48 111
27 18 131
27 38 1
27 5 35
27 7 22
27 15 17
27 4 70
27 13 67
27 21 233
27 41 5
27 30 5
27 22 8
27 3 20
27 32 95
27 61 15
27 43 4
27 54 8
27 25 3
27 36 9
27 34 3
27 52 9
27 23 8
27 31 22
27 19 2
27 24 93
27 55 13
27 39 11
27 10 88
27 49 5
27 17 10
27 59 4
27 16 2
27 47 37
27 62 2
27 45 1
27 12 2
27 44 5
27 42 3
27 46 2
27 51 1
27 40 1
27 50 1
27 6 1
28 9 321
28 41 6
28 30 5
28 63 1427
28 7 25
28 43 5
28 2 802
28 67 37
28 26 239
28 66 22
28 1 91
28 61 15
28 3 18
28 68 2
28 54 4
28 60 8
28 14 574
28 52 8
28 11 99
28 53 72
28 21 184
28 8 5
28 55 9
28 10 80
28 13 26
28 37 588
28 29 23
28 58 2
28 4 43
28 24 74
28 36 12
28 48 89
28 42 6
28 22 9
28 65 1
28 0 9
28 20 65
28 19 3
28 64 16
28 32 83
28 18 160
28 27 13
28 5 34
28 31 9
28 46 7
28 62 1
28 59 10
28 35 2
28 47 16
28 17 11
28 39 8
28 15 13
28 6 2
28 12 4
28 34 1
28 16 6
28 49 1
28 23 3
28 51 2
28 44 6
29 21 127
29 37 505
29 13 36
29 14 496
29 63 1249
29 3 9
29 68 2
29 60 5
29 67 27
29 2 801
29 54 3
29 44 4
29 20 42
29 9 358
29 1 68
29 66 7
29 19 3
29 26 265
29 22 16
29 24 76
29 48 69
29 4 47
29 8 7
29 0 6
29 64 14
29 27 13
29 5 52
29 11 71
29 53 53
29 10 52
29 18 108
29 7 15
29 15 10
29 49 5
29 17 9
29 52 7
29 39 7
29 59 6
29 62 2
29 31 15
29 46 1
29 55 4
29 23 5
29 28 35
29 61 7
29 32 69
29 30 4
29 41 5
29 16 5
29 47 17
29 43 3
29 35 1
29 36 7
29 58 1
29 6 2
29 12 1
29 42 1
29 34 1
30 11 50
30 68 1
30 3 9
30 52 4
30 4 22
30 53 36
30 63 866
30 24 45
30 2 424
30 67 17
30 66 8
30 1 45
30 14 322
30 60 2
30 54 11
30 26 192
30 43 1
30 7 9
30 9 176
30 10 52
30 37 223
30 27 7
30 5 17
30 29 14
30 21 68
30 20 33
30 36 2
30 48 66
30 62 3
30 59 3
30 28 29
30 0 8
30 64 7
30 17 9
30 31 7
30 13 25
30 18 83
30 32 54
30 22 5
30 19 2
30 47 24
30 61 11
30 15 10
30 39 5
30 40 1
30 23 3
30 55 1
30 8 1
30 44 2
30 41 1
30 34 1
30 12 1
31 55 11
31 14 1476
31 63 2458
31 1 129
31 66 26
31 33 1
31 8 13
31 60 18
31 67 109
31 2 1607
31 26 801
31 68 3
31 3 27
31 54 21
31 9 954
31 21 355
31 6 8
31 10 149
31 4 154
31 24 191
31 22 9
31 18 255
31 47 100
31 35 5
31 20 206
31 37 1301
31 44 13
31 13 113
31 53 139
31 11 133
31 61 46
31 48 270
31 29 60
31 27 46
31 28 90
31 17 33
31 64 59
31 65 3
31 0 53
31 30 11
31 41 28
31 32 238
31 59 10
31 62 10
31 7 32
31 15 86
31 38 3
31 5 75
31 42 12
31 19 7
31 49 14
31 40 11
31 52 19
31 16 10
31 23 23
31 39 19
31 36 10
31 12 5
31 46 10
31 43 6
31 34 5
31 25 2
31 56 3
31 58 4
31 51 1
31 45 1
32 63 4756
32 1 260
32 66 42
32 26 1394
32 67 147
32 2 3148
32 48 486
32 65 6
32 0 139
32 64 96
32 37 2495
32 4 286
32 3 65
32 68 5
32 24 346
32 9 1676
32 51 10
32 21 651
32 14 2689
32 53 238
32 11 287
32 42 16
32 10 242
32 38 3
32 5 147
32 13 209
32 23 47
32 29 106
32 61 69
32 43 11
32 25 5
32 36 33
32 7 60
32 59 26
32 20 423
32 54 25
32 22 52
32 47 114
32 27 72
32 62 23
32 46 19
32 31 83
32 39 48
32 41 73
32 16 12
32 34 7
32 18 567
32 8 9
32 44 16
32 28 153
32 6 6
32 15 119
32 55 28
32 49 18
32 40 11
32 17 68
32 12 9
32 56 5
32 52 30
32 35 16
32 60 32
32 30 30
32 45 8
32 33 9
32 50 1
32 58 5
32 19 7
33 62 3
33 53 48
33 37 350
33 11 42
33 2 444
33 67 24
33 26 203
33 66 10
33 1 42
33 48 126
33 36 7
33 9 200
33 63 1179
33 4 34
33 30 5
33 32 54
33 14 449
33 60 1
33 18 124
33 54 6
33 10 61
33 64 13
33 0 2
33 21 75
33 23 9
33 24 50
33 31 10
33 20 47
33 27 15
33 61 14
33 15 9
33 47 28
33 3 19
33 42 2
33 52 7
33 34 2
33 13 17
33 55 6
33 59 10
33 7 12
33 43 8
33 6 3
33 29 16
33 41 14
33 22 18
33 19 1
33 16 2
33 44 7
33 38 1
33 5 22
33 17 14
33 28 41
33 8 1
33 25 2
33 35 2
33 46 3
33 12 1
33 40 3
33 39 3
33 58 1
33 51 1
33 49 1
34 2 126
34 67 9
34 26 97
34 63 210
34 14 140
34 54 3
34 3 1
34 60 2
34 9 94
34 21 32
34 43 1
34 37 116
34 28 9
34 0 1
34 64 4
34 8 2
34 7 2
34 24 20
34 53 8
34 11 17
34 32 20
34 10 12
34 18 34
34 29 5
34 41 2
34 13 9
34 1 13
34 52 2
34 48 23
34 27 3
34 5 6
34 20 7
34 49 1
34 17 2
34 4 7
34 12 1
34 15 3
34 47 4
34 61 3
34 36 1
34 58 1
34 6 1
35 48 34
35 24 19
35 63 167
35 66 2
35 1 9
35 41 1
35 2 129
35 67 12
35 26 72
35 44 3
35 7 1
35 18 23
35 37 135
35 46 1
35 14 173
35 60 1
35 9 76
35 53 8
35 11 8
35 32 9
35 28 4
35 0 1
35 65 1
35 64 6
35 10 15
35 55 1
35 17 2
35 20 20
35 21 32
35 4 12
35 3 2
35 22 1
35 38 1
35 5 10
35 13 8
35 29 3
35 27 3
35 61 5
35 47 8
35 23 4
35 15 4
35 39 2
35 36 1
35 59 1
35 42 1
36 22 5
36 63 519
36 66 5
36 1 32
36 33 1
36 67 14
36 2 273
36 18 62
36 3 7
36 68 1
36 37 198
36 26 93
36 9 117
36 14 247
36 60 1
36 54 4
36 48 49
36 29 8
36 32 22
36 20 24
36 10 26
36 24 26
36 4 13
36 21 49
36 61 4
36 0 4
36 64 6
36 8 4
36 31 5
36 40 2
36 17 8
36 43 4
36 47 17
36 7 6
36 59 6
36 25 1
36 30 1
36 11 27
36 53 23
36 5 15
36 27 7
36 28 21
36 44 3
36 35 2
36 23 4
36 55 3
36 19 2
36 46 2
36 13 10
36 52 2
36 12 1
36 6 2
36 15 3
36 39 1
36 41 1
36 16 2
37 44 354
37 4 1828
37 28 1419
37 3 551
37 68 127
37 64 787
37 8 247
37 0 781
37 21 7373
37 47 2064
37 62 129
37 41 406
37 6 202
37 66 320
37 1 2146
37 33 63
37 67 3375
37 2 17604
37 26 15346
37 63 24623
37 9 13314
37 61 879
37 25 47
37 54 602
37 60 233
37 14 34475
37 34 117
37 53 3643
37 11 1993
37 24 4121
37 30 173
37 52 203
37 38 56
37 36 299
37 48 3895
37 27 1481
37 56 80
37 22 346
37 20 4113
37 23 465
37 29 684
37 5 1385
37 18 7109
37 58 149
37 13 1699
37 32 3351
37 55 655
37 10 1389
37 59 200
37 12 189
37 17 336
37 7 304
37 15 857
37 16 305
37 31 845
37 51 103
37 45 82
37 49 147
37 46 126
37 39 276
37 43 331
37 40 94
37 35 141
37 19 104
37 50 25
37 42 163
37 65 43
38 63 1016
38 46 6
38 14 484
38 31 5
38 26 155
38 2 380
38 67 27
38 66 12
38 1 50
38 60 3
38 29 16
38 53 34
38 11 35
38 3 7
38 22 5
38 10 57
38 9 168
38 21 59
38 4 26
38 48 106
38 24 49
38 37 238
38 15 10
38 23 7
38 18 108
38 27 11
38 5 14
38 58 1
38 62 1
38 13 20
38 20 40
38 44 3
38 28 17
38 0 10
38 64 9
38 12 2
38 32 33
38 61 21
38 47 18
38 17 12
38 39 7
38 41 8
38 55 8
38 25 1
38 30 2
38 43 2
38 8 3
38 7 3
38 52 3
38 19 2
38 42 3
38 49 2
38 16 3
38 59 3
38 35 3
38 40 3
38 34 1
38 6 1
39 22 3
39 63 580
39 32 26
39 13 13
39 37 215
39 18 53
39 67 13
39 2 292
39 3 13
39 68 1
39 4 15
39 9 119
39 31 3
39 46 1
39 21 51
39 10 30
39 27 7
39 5 19
39 66 3
39 1 31
39 26 92
39 53 35
39 11 32
39 20 20
39 14 291
39 60 3
39 48 39
39 58 2
39 36 6
39 24 36
39 15 6
39 7 11
39 64 6
39 0 2
39 8 1
39 55 6
39 29 16
39 47 14
39 40 1
39 17 11
39 28 16
39 61 4
39 59 4
39 23 4
39 30 2
39 41 3
39 52 2
39 35 1
39 44 1
39 62 1
39 42 1
39 12 1
40 63 266
40 15 3
40 13 9
40 53 15
40 37 98
40 20 12
40 11 16
40 18 31
40 14 132
40 60 1
40 9 73
40 3 4
40 67 1
40 2 181
40 54 1
40 39 3
40 48 17
40 58 1
40 36 4
40 1 18
40 66 5
40 26 48
40 43 1
40 21 27
40 24 15
40 61 1
40 49 3
40 7 2
40 32 14
40 5 8
40 27 4
40 64 3
40 28 12
40 29 4
40 10 15
40 4 12
40 47 5
40 17 4
40 46 2
40 23 2
40 41 2
40 30 1
40 31 2
40 55 2
41 68 4
41 3 18
41 60 8
41 61 28
41 4 73
41 66 15
41 1 79
41 10 81
41 2 1056
41 67 50
41 21 202
41 9 511
41 63 1571
41 14 940
41 33 2
41 19 3
41 26 465
41 53 95
41 11 92
41 18 183
41 13 52
41 24 137
41 15 21
41 27 38
41 5 50
41 65 3
41 0 22
41 20 112
41 28 47
41 37 631
41 22 18
41 7 18
41 59 8
41 32 135
41 36 5
41 48 124
41 39 11
41 52 13
41 8 4
41 55 14
41 23 21
41 31 36
41 64 42
41 29 41
41 62 5
41 42 8
41 54 5
41 47 34
41 34 5
41 30 5
41 43 3
41 44 6
41 46 6
41 6 5
41 49 12
41 17 18
41 58 1
41 12 3
41 16 2
41 51 1
41 35 1
42 26 189
42 2 381
42 67 21
42 10 53
42 66 11
42 1 43
42 58 1
42 48 69
42 20 25
42 63 777
42 9 164
42 37 289
42 0 7
42 64 9
42 24 43
42 68 1
42 3 10
42 4 27
42 21 93
42 14 314
42 15 7
42 18 85
42 13 20
42 22 6
42 53 46
42 11 43
42 32 37
42 59 3
42 54 4
42 19 2
42 52 4
42 28 29
42 7 10
42 23 2
42 29 7
42 27 9
42 5 15
42 17 13
42 31 10
42 46 2
42 39 9
42 61 11
42 49 2
42 47 10
42 55 1
42 33 1
42 25 1
42 62 1
42 36 6
42 44 2
42 41 5
42 30 4
42 38 1
42 43 2
42 40 2
42 16 2
42 8 1
42 56 1
42 51 1
42 60 1
43 62 7
43 61 11
43 36 6
43 66 7
43 1 47
43 26 323
43 2 462
43 67 45
43 48 78
43 63 909
43 9 248
43 6 2
43 3 10
43 54 5
43 60 2
43 14 977
43 55 23
43 10 54
43 37 523
43 19 2
43 64 16
43 0 9
43 47 61
43 38 1
43 5 14
43 52 7
43 27 23
43 17 11
43 28 32
43 7 8
43 18 119
43 32 47
43 8 9
43 20 50
43 22 16
43 42 4
43 44 3
43 11 49
43 53 41
43 21 91
43 16 4
43 51 2
43 4 38
43 29 14
43 13 28
43 23 7
43 31 7
43 24 74
43 15 8
43 49 2
43 30 4
43 41 10
43 34 3
43 40 1
43 58 3
43 59 4
43 12 1
43 39 6
43 33 1
43 25 1
43 46 1
43 35 1
44 1 62
44 66 4
44 9 287
44 63 1143
44 48 97
44 67 54
44 2 631
44 26 256
44 19 2
44 43 5
44 36 6
44 24 74
44 59 8
44 62 3
44 37 553
44 23 16
44 60 2
44 14 651
44 18 135
44 15 19
44 16 3
44 0 10
44 65 1
44 20 109
44 51 1
44 21 124
44 53 67
44 11 56
44 41 14
44 30 6
44 42 6
44 7 13
44 32 57
44 61 21
44 29 27
44 64 16
44 13 33
44 47 39
44 35 1
44 68 1
44 3 12
44 22 9
44 10 63
44 8 1
44 55 13
44 4 52
44 38 2
44 5 34
44 27 17
44 28 23
44 31 11
44 54 7
44 17 20
44 46 6
44 39 7
44 49 6
44 12 1
44 52 5
44 40 3
44 6 1
44 58 4
44 25 1
44 56 1
44 33 1
44 34 1
44 50 1
45 48 35
45 24 29
45 26 117
45 2 192
45 67 9
45 10 17
45 66 5
45 1 25
45 53 17
45 13 13
45 11 22
45 63 397
45 14 173
45 9 92
45 20 21
45 41 4
45 30 4
45 4 13
45 37 140
45 15 4
45 18 62
45 31 4
45 32 22
45 21 37
45 17 5
45 0 3
45 64 6
45 54 4
45 3 4
45 61 8
45 27 9
45 47 12
45 43 2
45 35 1
45 58 1
45 7 3
45 62 3
45 59 2
45 36 3
45 42 1
45 22 5
45 5 5
45 55 3
45 49 1
45 28 10
45 12 1
45 34 1
45 29 5
45 39 3
45 52 3
45 23 4
45 44 2
46 32 14
46 66 5
46 1 17
46 63 268
46 2 163
46 67 1
46 26 61
46 43 2
46 21 44
46 9 79
46 37 97
46 14 153
46 60 2
46 10 17
46 27 4
46 5 8
46 48 19
46 4 15
46 24 22
46 13 10
46 20 10
46 18 20
46 7 4
46 11 22
46 53 8
46 47 7
46 55 1
46 3 6
46 31 3
46 17 7
46 15 3
46 28 8
46 61 1
46 29 3
46 64 6
46 0 2
46 59 1
46 39 3
46 22 1
46 30 1
46 34 1
46 44 1
47 37 1855
47 21 392
47 9 844
47 41 20
47 30 21
47 63 2721
47 20 214
47 51 5
47 60 13
47 14 2086
47 19 8
47 26 809
47 33 5
47 1 152
47 66 20
47 67 216
47 2 1655
47 61 58
47 22 14
47 68 2
47 3 41
47 32 122
47 64 41
47 0 35
47 4 144
47 13 106
47 18 260
47 24 216
47 54 26
47 11 142
47 53 183
47 16 6
47 10 148
47 29 48
47 36 21
47 48 288
47 59 17
47 7 19
47 58 7
47 44 24
47 28 76
47 5 83
47 27 34
47 62 9
47 12 8
47 39 25
47 43 18
47 23 22
47 15 37
47 17 34
47 49 9
47 40 10
47 46 10
47 31 43
47 52 8
47 55 20
47 25 4
47 42 11
47 8 8
47 45 2
47 56 2
47 6 5
47 50 2
47 34 6
47 38 2
47 35 2
48 9 3876
48 22 178
48 63 17317
48 21 1595
48 37 6069
48 68 35
48 3 196
48 26 4877
48 2 7060
48 67 527
48 1 714
48 66 238
48 60 74
48 14 13579
48 18 4350
48 32 938
48 0 271
48 65 22
48 10 650
48 4 1058
48 24 1142
48 23 162
48 20 1586
48 6 41
48 58 38
48 13 425
48 19 29
48 64 271
48 43 95
48 41 228
48 61 305
48 30 70
48 44 82
48 8 63
48 28 497
48 29 213
48 45 14
48 11 623
48 53 1398
48 27 237
48 5 697
48 52 91
48 49 112
48 55 132
48 35 55
48 47 490
48 15 379
48 12 19
48 59 108
48 31 243
48 50 18
48 17 265
48 62 56
48 42 60
48 40 49
48 51 38
48 36 140
48 16 138
48 34 26
48 56 18
48 7 158
48 39 151
48 46 52
48 54 135
48 33 44
48 38 23
48 25 24
49 1 40
49 66 12
49 2 614
49 67 16
49 26 270
49 14 522
49 11 48
49 68 3
49 3 14
49 37 478
49 53 60
49 23 12
49 9 323
49 63 1034
49 21 130
49 20 86
49 0 6
49 65 1
49 24 89
49 48 142
49 18 215
49 16 5
49 32 81
49 5 18
49 55 21
49 10 36
49 13 30
49 59 4
49 47 26
49 28 35
49 29 19
49 27 23
49 41 13
49 30 4
49 60 7
49 52 9
49 7 13
49 43 4
49 19 4
49 54 1
49 25 1
49 4 42
49 15 14
49 61 18
49 42 8
49 6 3
49 17 15
49 36 9
49 62 4
49 64 12
49 40 2
49 39 5
49 12 2
49 8 2
49 45 2
49 50 1
49 22 8
49 31 8
49 44 5
49 46 4
49 58 2
49 51 1
49 35 3
49 33 1
49 34 1
50 53 16
50 36 1
50 61 3
50 2 161
50 67 11
50 26 80
50 66 1
50 1 14
50 11 12
50 24 17
50 48 28
50 9 92
50 63 251
50 14 142
50 54 5
50 3 2
50 30 1
50 41 1
50 37 115
50 18 42
50 32 11
50 55 2
50 8 1
50 7 3
50 21 28
50 51 1
50 13 12
50 5 8
50 27 4
50 28 9
50 44 3
50 22 4
50 17 4
50 20 22
50 4 9
50 47 5
50 10 23
50 64 1
50 0 2
50 16 1
50 29 2
50 59 2
50 62 2
50 39 2
50 49 2
50 23 3
50 15 1
50 42 1
50 43 2
50 34 1
50 46 2
51 9 251
51 33 3
51 63 1090
51 36 9
51 43 4
51 48 151
51 2 446
51 67 36
51 26 350
51 66 21
51 1 55
51 41 7
51 30 9
51 25 1
51 3 22
51 68 2
51 54 13
51 14 509
51 22 7
51 37 453
51 27 18
51 5 34
51 21 100
51 64 18
51 0 7
51 19 3
51 23 8
51 53 88
51 11 45
51 55 18
51 46 4
51 31 10
51 17 16
51 44 3
51 18 169
51 20 40
51 13 28
51 47 28
51 52 6
51 38 1
51 24 67
51 42 1
51 6 3
51 61 12
51 10 50
51 28 42
51 29 17
51 4 40
51 39 12
51 12 5
51 32 42
51 59 9
51 49 5
51 8 5
51 7 15
51 40 4
51 58 3
51 50 1
51 15 13
51 16 3
51 62 1
51 35 1
51 60 3
52 63 900
52 37 312
52 53 32
52 11 44
52 28 29
52 10 56
52 0 7
52 64 9
52 8 4
52 26 181
52 2 462
52 67 22
52 66 8
52 1 45
52 43 4
52 9 204
52 14 430
52 60 2
52 61 14
52 24 52
52 21 85
52 42 2
52 6 2
52 22 9
52 3 11
52 32 59
52 18 103
52 20 58
52 7 15
52 59 5
52 4 35
52 48 75
52 5 17
52 27 8
52 31 9
52 29 22
52 13 26
52 54 2
52 15 11
52 40 1
52 23 2
52 47 14
52 17 14
52 55 8
52 41 4
52 30 3
52 39 5
52 36 4
52 46 1
52 49 4
52 44 2
52 58 1
52 12 1
52 33 1
52 25 1
53 1 521
53 66 101
53 9 2395
53 14 7129
53 63 12204
53 61 256
53 37 6657
53 67 448
53 2 5767
53 60 48
53 26 3090
53 18 2242
53 0 204
53 65 15
53 20 1738
53 48 1703
53 59 134
53 62 46
53 13 285
53 7 190
53 21 1309
53 32 723
53 23 115
53 24 1078
53 3 180
53 68 26
53 4 354
53 11 511
53 28 418
53 41 156
53 30 81
53 54 88
53 15 183
53 38 25
53 5 340
53 47 374
53 22 144
53 64 149
53 8 73
53 27 141
53 34 24
53 44 112
53 12 26
53 6 49
53 55 78
53 36 141
53 10 477
53 52 98
53 29 188
53 17 237
53 42 35
53 49 49
53 39 138
53 46 39
53 31 137
53 16 54
53 43 65
53 45 10
53 51 42
53 19 42
53 25 14
53 40 46
53 56 11
53 35 37
53 33 25
53 58 58
53 50 12
54 22 20
54 37 1708
54 62 5
54 3 28
54 68 4
54 59 13
54 67 178
54 2 1248
54 23 23
54 20 190
54 26 691
54 66 30
54 1 106
54 4 135
54 24 233
54 60 16
54 14 2312
54 21 591
54 63 2495
54 9 814
54 44 17
54 48 279
54 5 104
54 15 46
54 61 37
54 53 141
54 11 165
54 18 308
54 28 77
54 10 105
54 47 87
54 17 36
54 32 143
54 42 7
54 52 11
54 6 9
54 43 19
54 27 50
54 19 5
54 0 26
54 64 44
54 49 5
54 13 91
54 8 19
54 55 21
54 41 19
54 30 15
54 31 32
54 34 3
54 29 50
54 51 4
54 12 13
54 45 1
54 16 11
54 39 15
54 56 3
54 36 9
54 7 15
54 25 1
54 46 6
54 33 3
54 40 1
54 58 4
54 35 3
55 1 113
55 66 18
55 9 799
55 33 3
55 63 1923
55 26 759
55 67 139
55 2 1183
55 24 202
55 37 1534
55 32 163
55 41 28
55 30 13
55 11 97
55 53 76
55 4 134
55 48 225
55 36 15
55 7 18
55 60 28
55 14 1864
55 18 263
55 61 29
55 21 338
55 20 194
55 38 3
55 5 67
55 56 3
55 27 75
55 31 32
55 28 63
55 8 7
55 64 29
55 0 39
55 13 101
55 22 13
55 3 31
55 47 73
55 34 5
55 54 21
55 10 103
55 42 9
55 52 7
55 40 4
55 15 40
55 39 18
55 29 31
55 59 5
55 62 6
55 51 5
55 23 38
55 43 15
55 12 3
55 44 13
55 25 1
55 35 12
55 17 28
55 46 6
55 16 9
55 49 12
55 45 4
55 6 12
55 19 4
55 50 2
55 58 1
55 68 2
56 2 216
56 67 8
56 26 103
56 1 30
56 66 2
56 63 462
56 14 187
56 11 29
56 60 1
56 53 19
56 55 3
56 9 97
56 61 3
56 21 45
56 37 177
56 3 11
56 22 7
56 18 46
56 47 12
56 64 7
56 46 4
56 54 4
56 24 27
56 13 17
56 20 14
56 48 28
56 58 1
56 27 8
56 5 15
56 10 29
56 4 14
56 15 4
56 28 14
56 41 1
56 29 6
56 17 6
56 32 15
56 31 3
56 25 1
56 40 2
56 23 1
56 12 1
56 52 3
56 36 2
56 44 1
56 43 1
56 35 1
56 7 2
56 16 1
56 59 2
56 45 1
58 14 580
58 63 1395
58 66 13
58 1 64
58 9 288
58 19 2
58 60 5
58 48 95
58 2 621
58 67 33
58 26 239
58 11 65
58 53 94
58 13 40
58 41 17
58 37 411
58 24 58
58 18 154
58 10 91
58 31 19
58 54 9
58 3 17
58 68 1
58 61 14
58 22 14
58 4 28
58 21 103
58 20 88
58 32 64
58 16 6
58 15 19
58 27 17
58 5 19
58 28 36
58 8 2
58 0 12
58 64 23
58 52 12
58 46 7
58 23 14
58 17 21
58 36 11
58 30 4
58 44 10
58 7 14
58 43 4
58 55 6
58 34 2
58 29 16
58 39 13
58 59 8
58 6 3
58 51 1
58 47 35
58 49 3
58 40 1
58 35 2
58 12 1
58 42 4
58 62 1
58 38 1
59 68 1
59 3 25
59 28 57
59 4 38
59 10 80
59 26 250
59 0 12
59 8 7
59 64 18
59 24 68
59 37 401
59 19 2
59 2 601
59 67 30
59 66 12
59 1 68
59 63 1355
59 9 251
59 49 3
59 21 112
59 29 20
59 18 118
59 14 535
59 5 35
59 27 11
59 20 72
59 22 7
59 36 10
59 48 126
59 11 77
59 53 65
59 31 11
59 44 6
59 55 8
59 32 51
59 61 15
59 39 11
59 43 5
59 54 8
59 30 8
59 41 11
59 7 13
59 13 34
59 23 7
59 40 6
59 15 12
59 56 1
59 16 7
59 47 24
59 35 3
59 17 18
59 52 3
59 6 3
59 34 1
59 45 1
59 60 3
59 51 1
59 58 3
59 42 3
59 62 2
59 46 1
59 12 2
59 50 1
60 23 13
60 63 1049
60 66 11
60 1 54
60 9 401
60 18 129
60 2 691
60 67 41
60 26 305
60 61 16
60 37 468
60 14 709
60 22 4
60 3 20
60 19 2
60 64 20
60 0 30
60 20 127
60 8 3
60 41 14
60 48 106
60 53 38
60 11 57
60 54 16
60 39 7
60 4 80
60 21 157
60 16 2
60 15 18
60 27 21
60 38 2
60 5 20
60 32 93
60 47 25
60 30 6
60 17 16
60 40 1
60 13 47
60 55 12
60 31 10
60 28 20
60 10 56
60 49 4
60 24 82
60 42 4
60 62 5
60 59 3
60 29 22
60 43 5
60 25 1
60 7 10
60 52 10
60 34 2
60 36 4
60 46 4
60 58 1
60 44 1
60 45 1
60 33 1
60 35 2
60 56 1
60 6 1
61 37 2724
61 54 50
61 68 9
61 3 63
61 19 12
61 67 232
61 2 2550
61 24 322
61 1 251
61 66 61
61 26 1480
61 33 3
61 60 38
61 14 3387
61 63 4518
61 32 324
61 11 197
61 53 296
61 10 254
61 0 90
61 65 5
61 20 556
61 9 1455
61 22 34
61 48 513
61 21 626
61 18 510
61 15 100
61 44 38
61 23 95
61 28 110
61 27 88
61 17 64
61 49 14
61 13 181
61 4 200
61 41 52
61 7 50
61 64 65
61 47 195
61 39 38
61 58 10
61 46 15
61 31 93
61 42 20
61 6 20
61 35 17
61 8 35
61 55 50
61 12 10
61 59 29
61 5 140
61 38 10
61 52 37
61 29 98
61 16 19
61 45 9
61 36 36
61 43 18
61 25 6
61 30 29
61 40 9
61 62 16
61 51 4
61 56 1
61 34 6
62 37 230
62 14 222
62 63 347
62 64 9
62 7 2
62 32 28
62 0 6
62 60 5
62 21 55
62 6 3
62 54 2
62 3 5
62 67 18
62 2 289
62 9 150
62 24 30
62 66 3
62 1 33
62 26 112
62 43 1
62 53 17
62 11 23
62 30 3
62 41 4
62 55 7
62 20 27
62 22 2
62 46 2
62 48 47
62 49 2
62 23 8
62 18 39
62 10 27
62 27 10
62 5 11
62 4 32
62 13 18
62 29 10
62 39 2
62 15 7
62 8 2
62 61 5
62 28 8
62 42 3
62 31 8
62 16 2
62 52 3
62 47 4
62 12 2
62 59 1
62 35 1
62 17 2
63 37 29037
63 21 7420
63 32 6903
63 65 212
63 0 1302
63 64 1619
63 51 263
63 19 506
63 9 17239
63 14 54198
63 26 25040
63 33 299
63 1 7972
63 66 1685
63 67 3131
63 2 59069
63 5 2568
63 53 7079
63 11 7466
63 6 418
63 58 413
63 52 1030
63 3 2435
63 68 261
63 4 3048
63 25 234
63 62 422
63 8 591
63 55 760
63 49 558
63 44 474
63 41 1150
63 24 5739
63 20 6633
63 18 18446
63 54 1002
63 29 2709
63 16 456
63 23 653
63 48 14090
63 31 1311
63 61 2131
63 28 5016
63 47 2892
63 35 291
63 56 194
63 27 1696
63 10 10544
63 17 2396
63 59 1215
63 13 2421
63 12 233
63 15 1128
63 30 903
63 40 472
63 50 54
63 36 1035
63 34 222
63 43 1282
63 38 251
63 22 1774
63 60 466
63 39 1405
63 42 383
63 46 650
63 7 1994
63 45 73
64 3 29
64 68 1
64 60 7
64 14 848
64 54 7
64 67 59
64 2 1267
64 26 420
64 66 21
64 1 122
64 9 598
64 63 2014
64 21 263
64 32 130
64 41 19
64 30 9
64 7 15
64 36 11
64 48 189
64 4 73
64 24 106
64 11 115
64 53 87
64 5 50
64 37 836
64 8 6
64 55 7
64 20 93
64 10 136
64 29 39
64 18 224
64 28 69
64 22 18
64 31 17
64 61 24
64 15 24
64 59 7
64 39 14
64 13 84
64 6 6
64 43 8
64 25 2
64 34 3
64 42 5
64 0 17
64 44 9
64 27 28
64 47 47
64 17 16
64 49 5
64 46 6
64 23 10
64 52 9
64 51 4
64 56 2
64 35 6
64 12 3
64 58 2
64 40 4
64 16 3
64 62 4
65 48 43
65 30 1
65 63 244
65 36 1
65 58 3
65 53 9
65 62 2
65 11 6
65 41 1
65 9 51
65 22 3
65 67 6
65 2 107
65 3 2
65 32 10
65 17 3
65 14 199
65 20 38
65 21 22
65 64 4
65 0 6
65 61 3
65 66 4
65 1 11
65 7 2
65 26 50
65 43 4
65 44 1
65 31 2
65 37 96
65 18 21
65 5 13
65 27 6
65 28 5
65 55 2
65 8 1
65 15 6
65 10 18
65 24 9
65 4 6
65 49 4
65 40 2
65 13 7
65 52 2
65 29 6
65 47 3
65 35 1
65 12 1
65 23 2
66 53 14
66 11 34
66 30 1
66 63 632
66 15 12
66 7 2
66 9 184
66 32 34
66 41 4
66 2 387
66 67 8
66 26 175
66 47 15
66 27 5
66 5 16
66 38 1
66 61 6
66 14 308
66 54 4
66 3 9
66 8 2
66 0 4
66 64 5
66 10 32
66 48 44
66 36 2
66 62 1
66 24 29
66 17 6
66 1 31
66 20 33
66 37 233
66 28 20
66 22 3
66 19 1
66 55 1
66 21 63
66 4 23
66 18 69
66 13 20
66 29 20
66 39 3
66 16 3
66 49 3
66 46 2
66 31 8
66 6 1
66 52 2
66 42 1
67 63 3276
67 64 52
67 7 23
67 13 147
67 1 166
67 66 55
67 26 1110
67 2 1868
67 0 71
67 3 43
67 68 6
67 4 159
67 18 417
67 41 46
67 9 1122
67 10 135
67 12 9
67 37 2424
67 60 34
67 14 2796
67 6 12
67 21 598
67 61 97
67 15 64
67 32 218
67 20 383
67 62 14
67 59 18
67 24 342
67 48 383
67 36 23
67 27 81
67 28 94
67 44 26
67 22 23
67 31 76
67 11 229
67 53 202
67 29 52
67 43 25
67 54 57
67 47 167
67 17 43
67 30 18
67 8 17
67 55 71
67 16 19
67 38 7
67 5 82
67 45 7
67 40 9
67 42 20
67 23 39
67 35 8
67 34 9
67 39 18
67 46 10
67 52 17
67 49 18
67 58 12
67 56 6
67 33 2
67 51 2
67 19 8
67 50 2
67 25 2
67 65 1
68 62 2
68 63 1221
68 14 461
68 60 3
68 48 107
68 2 545
68 67 28
68 26 229
68 66 10
68 1 58
68 9 249
68 59 11
68 11 72
68 53 97
68 55 6
68 22 6
68 3 17
68 4 32
68 10 88
68 24 75
68 28 45
68 37 385
68 29 17
68 47 15
68 18 144
68 27 13
68 20 54
68 12 4
68 21 112
68 5 29
68 15 13
68 0 11
68 65 1
68 64 21
68 19 5
68 51 2
68 61 12
68 32 58
68 50 1
68 39 11
68 13 24
68 6 2
68 43 6
68 42 6
68 31 9
68 17 20
68 52 8
68 36 5
68 54 6
68 25 3
68 41 6
68 30 9
68 46 1
68 34 1
68 7 11
68 8 7
68 49 3
68 23 8
68 40 3
68 35 2
68 44 3
68 58 1
68 56 1
68 16 1
