0 77 49
0 258 3
0 303 44
0 45 2136
0 340 156
0 10 773
0 66 652
0 2 1456
0 252 52
0 36 30
0 387 11
0 186 10
0 193 21
0 7 7
0 311 35
0 90 12
0 289 6
0 450 2
0 62 167
0 154 320
0 31 1441
0 243 23
0 49 267
0 364 1
0 23 103
0 41 322
0 220 155
0 21 119
0 457 5
0 3 32
0 182 11
0 50 323
0 91 1110
0 419 76
0 57 14
0 426 90
0 152 63
0 88 2
0 97 15
0 300 15
0 12 104
0 83 264
0 1 128
0 72 73
0 38 38
0 75 43
0 5 205
0 70 28
0 190 1
0 6 79
0 53 9
0 163 12
0 22 5
0 37 10
0 9 14
0 208 1
0 170 2
0 111 15
0 113 7
0 8 3
0 141 7
0 218 2
0 85 3
0 107 9
0 558 2
0 46 6
0 165 1
0 40 6
0 401 2
0 99 3
0 174 4
0 353 3
0 130 4
0 177 1
0 275 1
0 413 1
1 2 1221
1 243 2
1 31 729
1 340 174
1 10 548
1 49 80
1 62 94
1 36 14
1 252 9
1 130 3
1 558 1
1 66 362
1 220 53
1 21 105
1 303 42
1 45 1572
1 41 159
1 91 529
1 12 153
1 90 11
1 154 122
1 50 193
1 9 14
1 83 84
1 5 69
1 75 29
1 70 25
1 6 54
1 300 11
1 97 16
1 57 12
1 426 37
1 53 11
1 174 3
1 0 14
1 72 71
1 141 4
1 77 20
1 419 23
1 364 1
1 23 73
1 289 2
1 40 8
1 37 4
1 7 3
1 193 10
1 3 29
1 186 10
1 387 8
1 152 27
1 311 26
1 38 16
1 8 4
1 170 3
1 163 8
1 165 2
1 209 2
1 107 6
1 111 7
1 113 6
1 218 1
1 85 3
1 99 5
1 88 3
1 182 1
1 177 2
1 413 1
1 46 2
1 401 1
1 247 1
2 83 251
2 45 3176
2 303 70
2 7 4
2 193 17
2 12 272
2 3 51
2 182 11
2 31 1709
2 62 249
2 130 14
2 53 9
2 66 794
2 340 236
2 10 1603
2 36 20
2 252 35
2 91 1115
2 107 11
2 41 366
2 311 55
2 46 2
2 141 16
2 77 46
2 50 589
2 353 1
2 49 205
2 300 11
2 475 2
2 21 242
2 220 158
2 0 45
2 72 106
2 40 21
2 289 10
2 90 14
2 154 249
2 5 174
2 38 37
2 70 57
2 6 76
2 426 85
2 57 17
2 113 12
2 1 254
2 88 5
2 152 66
2 186 9
2 387 22
2 23 120
2 75 98
2 401 1
2 209 4
2 111 31
2 419 37
2 247 2
2 85 3
2 99 5
2 9 22
2 97 19
2 478 2
2 170 1
2 8 7
2 459 1
2 61 1
2 176 1
2 190 2
2 174 13
2 243 10
2 163 6
2 208 1
2 22 2
2 37 3
2 258 2
2 218 6
2 413 1
2 177 2
2 78 1
2 457 1
3 10 186
3 340 54
3 182 4
3 2 494
3 66 215
3 31 306
3 252 9
3 36 6
3 50 93
3 91 282
3 107 2
3 193 7
3 1 61
3 45 747
3 303 17
3 152 22
3 258 1
3 9 8
3 85 2
3 21 54
3 220 52
3 12 50
3 62 43
3 450 2
3 387 3
3 186 1
3 83 44
3 5 32
3 41 68
3 300 3
3 72 39
3 49 45
3 218 2
3 154 56
3 23 22
3 75 10
3 53 2
3 70 13
3 6 21
3 113 3
3 426 11
3 57 6
3 419 7
3 247 1
3 311 10
3 46 3
3 38 19
3 163 2
3 99 2
3 97 7
3 77 5
3 209 1
3 40 2
3 289 1
3 111 3
3 141 6
3 0 6
3 37 3
387 211 1
387 12 44
387 36 6
387 252 20
387 50 132
387 340 51
387 10 339
387 243 5
387 31 565
387 177 1
387 2 638
387 558 1
387 66 244
387 303 16
387 45 779
387 220 65
387 21 53
387 41 112
387 23 30
387 450 2
387 62 83
387 419 13
387 70 28
387 6 31
387 353 2
387 49 72
387 72 28
387 91 419
387 57 11
387 426 31
387 9 10
387 208 1
387 83 80
387 90 2
387 154 71
387 97 5
387 300 7
387 7 2
387 193 8
387 1 42
387 111 12
387 77 19
387 311 24
387 0 16
387 75 24
387 289 4
387 113 7
387 182 4
387 3 11
387 152 21
387 5 46
387 85 4
387 186 2
387 130 1
387 53 3
387 141 4
387 8 4
387 163 8
387 38 8
387 218 1
387 107 7
387 22 2
387 37 1
387 170 1
387 40 1
387 459 1
387 174 1
5 22 1
5 62 83
5 182 7
5 3 9
5 2 778
5 66 325
5 31 800
5 243 6
5 413 1
5 223 1
5 130 1
5 252 9
5 36 8
5 10 490
5 340 52
5 23 36
5 9 7
5 208 1
5 45 696
5 303 18
5 141 5
5 77 19
5 91 398
5 154 101
5 186 3
5 387 13
5 193 13
5 7 2
5 1 53
5 49 76
5 41 94
5 88 3
5 152 16
5 75 13
5 12 38
5 0 18
5 174 1
5 72 21
5 70 22
5 289 5
5 40 1
5 6 30
5 50 183
5 83 53
5 419 19
5 247 1
5 311 19
5 53 2
5 220 33
5 21 51
5 113 3
5 426 28
5 57 4
5 165 1
5 38 4
5 300 4
5 97 3
5 111 11
5 8 2
5 107 5
5 99 3
5 90 2
5 163 2
5 457 1
6 31 691
6 243 4
6 182 4
6 3 4
6 49 41
6 45 668
6 303 14
6 9 9
6 21 64
6 220 35
6 5 52
6 130 4
6 2 686
6 66 218
6 152 20
6 10 314
6 340 60
6 252 6
6 36 5
6 289 1
6 40 2
6 62 77
6 154 110
6 186 3
6 387 2
6 91 409
6 107 2
6 1 50
6 12 42
6 211 1
6 50 149
6 41 89
6 0 6
6 174 2
6 72 31
6 83 64
6 23 37
6 193 3
6 7 2
6 75 29
6 311 15
6 113 1
6 426 29
6 57 6
6 88 2
6 419 18
6 247 2
6 77 8
6 97 2
6 300 7
6 38 7
6 70 10
6 22 1
6 111 13
6 53 4
6 37 2
6 163 4
6 90 1
6 218 1
6 141 1
6 85 1
7 66 36
7 2 134
7 50 23
7 21 15
7 220 14
7 91 149
7 5 7
7 9 4
7 45 194
7 303 1
7 31 105
7 243 1
7 186 1
7 83 13
7 36 2
7 252 2
7 10 67
7 340 17
7 419 1
7 12 12
7 49 22
7 41 18
7 426 7
7 57 3
7 6 8
7 70 5
7 62 24
7 77 3
7 141 1
7 75 6
7 174 2
7 0 2
7 154 9
7 152 6
7 1 10
7 107 1
7 23 6
7 130 2
7 182 3
7 97 1
7 193 1
7 72 5
7 53 2
7 113 1
7 38 1
8 91 284
8 21 32
8 220 21
8 303 13
8 45 539
8 387 5
8 186 3
8 130 3
8 154 53
8 2 294
8 558 1
8 66 152
8 218 1
8 62 33
8 90 4
8 83 32
8 9 5
8 243 1
8 31 338
8 3 7
8 182 5
8 57 7
8 426 29
8 353 1
8 49 36
8 340 47
8 10 147
8 152 11
8 41 51
8 6 13
8 70 10
8 50 82
8 12 49
8 193 7
8 88 4
8 72 20
8 174 2
8 0 8
8 53 9
8 401 1
8 5 27
8 311 10
8 107 6
8 75 16
8 1 42
8 23 20
8 77 8
8 38 6
8 40 2
8 36 7
8 252 3
8 37 3
8 97 3
8 99 3
8 457 1
8 111 11
8 419 6
8 300 2
8 113 1
8 61 1
8 22 2
8 258 1
8 141 1
8 85 1
8 190 1
8 450 1
8 176 1
8 209 1
9 91 179
9 50 57
9 2 363
9 66 107
9 70 10
9 10 150
9 340 36
9 45 602
9 303 11
9 152 11
9 6 18
9 12 36
9 193 3
9 186 1
9 387 1
9 75 16
9 31 205
9 243 1
9 182 4
9 3 15
9 62 22
9 154 34
9 90 1
9 289 1
9 40 1
9 220 16
9 21 36
9 1 33
9 49 17
9 419 6
9 72 23
9 0 5
9 83 33
9 38 12
9 88 1
9 97 4
9 5 17
9 41 56
9 36 4
9 252 2
9 311 13
9 23 15
9 218 1
9 77 8
9 141 1
9 37 3
9 209 1
9 57 4
9 426 5
9 111 2
9 99 1
9 130 1
9 113 1
9 53 1
9 163 1
401 31 91
401 243 1
401 66 58
401 558 1
401 2 130
401 154 26
401 3 3
401 182 3
401 10 61
401 340 15
401 190 1
401 6 10
401 45 252
401 303 6
401 7 2
401 193 2
401 12 20
401 174 4
401 0 2
401 50 30
401 252 5
401 36 3
401 220 12
401 21 11
401 41 47
401 91 122
401 72 7
401 5 11
401 83 16
401 247 1
401 419 8
401 9 6
401 1 5
401 49 21
401 130 1
401 186 1
401 387 2
401 426 13
401 57 3
401 77 4
401 141 1
401 85 1
401 62 18
401 90 1
401 289 1
401 70 1
401 152 9
401 75 5
401 23 3
401 38 3
401 311 2
401 97 2
401 300 1
10 91 1856
10 177 2
10 2 2919
10 31 2302
10 243 19
10 49 192
10 85 6
10 83 206
10 417 4
10 50 709
10 130 9
10 66 1012
10 303 31
10 45 1470
10 3 31
10 182 23
10 7 6
10 193 42
10 107 11
10 1 174
10 53 22
10 174 8
10 0 49
10 72 40
10 5 279
10 36 26
10 252 43
10 340 218
10 77 63
10 289 7
10 190 3
10 6 74
10 300 8
10 70 96
10 62 250
10 37 4
10 41 402
10 387 27
10 186 11
10 57 15
10 426 106
10 419 61
10 111 36
10 154 264
10 88 2
10 152 62
10 23 252
10 12 189
10 75 42
10 38 23
10 21 145
10 220 107
10 8 8
10 311 45
10 163 18
10 9 17
10 170 3
10 457 5
10 113 10
10 90 8
10 413 3
10 22 2
10 97 13
10 99 2
10 141 4
10 247 1
10 218 5
10 450 2
10 40 4
10 165 2
10 258 3
10 206 1
10 275 1
10 223 1
10 208 2
10 353 1
10 478 1
10 46 1
12 303 94
12 45 4124
12 83 205
12 21 249
12 220 167
12 300 18
12 10 1241
12 340 422
12 387 17
12 186 29
12 174 6
12 0 29
12 53 11
12 72 137
12 3 56
12 182 17
12 243 10
12 31 1663
12 457 4
12 66 815
12 2 2671
12 36 37
12 252 27
12 419 43
12 91 1255
12 450 1
12 62 215
12 9 54
12 41 337
12 113 16
12 57 34
12 426 89
12 312 1
12 49 153
12 353 1
12 50 389
12 163 12
12 1 397
12 218 5
12 90 23
12 154 245
12 88 17
12 152 78
12 316 1
12 5 150
12 70 64
12 6 76
12 46 4
12 311 52
12 23 124
12 289 9
12 40 25
12 75 75
12 141 15
12 77 41
12 38 56
12 97 32
12 111 19
12 193 17
12 459 2
12 37 8
12 99 9
12 258 3
12 22 6
12 7 4
12 61 1
12 8 4
12 558 3
12 209 1
12 247 3
12 223 1
12 130 7
12 170 2
12 177 1
12 107 3
12 85 3
12 208 1
12 211 1
19 2 66
19 66 31
19 31 77
19 243 1
19 152 1
19 83 7
19 91 44
19 41 6
19 88 1
19 10 41
19 340 4
19 45 76
19 303 2
19 90 1
19 154 17
19 72 5
19 50 12
19 311 2
19 70 3
19 6 2
19 419 3
19 62 3
19 21 4
19 220 1
19 5 5
19 49 7
19 0 3
19 12 2
19 1 4
19 23 3
19 111 2
19 426 2
19 252 2
19 289 1
19 8 1
19 113 1
19 209 1
19 193 1
19 9 1
19 387 1
19 300 1
19 75 1
21 91 579
21 303 29
21 45 1568
21 9 18
21 36 16
21 252 13
21 387 12
21 186 13
21 130 8
21 558 1
21 66 315
21 2 1257
21 340 98
21 10 440
21 90 15
21 154 100
21 62 128
21 3 29
21 182 7
21 243 3
21 31 673
21 220 63
21 113 10
21 57 12
21 426 49
21 247 2
21 419 25
21 50 228
21 5 70
21 152 35
21 83 103
21 107 8
21 176 2
21 1 133
21 72 60
21 174 3
21 0 9
21 12 102
21 23 31
21 41 149
21 49 74
21 46 4
21 311 22
21 289 3
21 40 8
21 300 9
21 37 5
21 53 6
21 163 5
21 99 11
21 38 15
21 75 38
21 70 18
21 6 45
21 111 8
21 209 2
21 401 1
21 77 13
21 141 7
21 165 1
21 170 1
21 457 2
21 193 10
21 61 1
21 97 7
21 275 1
21 7 2
21 218 3
21 85 3
21 417 1
21 571 1
413 72 12
413 12 22
413 450 1
413 62 12
413 0 2
413 174 1
413 91 90
413 66 45
413 558 1
413 2 129
413 45 238
413 303 3
413 340 47
413 10 69
413 163 2
413 40 2
413 50 26
413 75 4
413 41 34
413 31 98
413 311 6
413 6 4
413 70 4
413 49 13
413 426 8
413 57 2
413 90 4
413 154 33
413 1 12
413 21 10
413 220 18
413 77 3
413 53 1
413 7 1
413 193 3
413 83 13
413 5 8
413 36 4
413 252 3
413 97 2
413 130 2
413 182 2
413 3 6
413 186 1
413 387 2
413 208 1
413 9 1
413 23 12
413 111 3
413 99 1
413 419 3
413 209 1
413 37 2
413 152 8
413 88 1
413 38 3
413 300 1
413 8 1
413 85 1
22 91 156
22 10 90
22 340 20
22 186 2
22 387 2
22 50 39
22 154 31
22 62 21
22 450 1
22 45 227
22 303 3
22 5 10
22 31 153
22 243 1
22 182 2
22 3 2
22 66 73
22 2 134
22 177 1
22 130 1
22 426 11
22 57 2
22 113 1
22 23 8
22 77 7
22 141 3
22 9 7
22 6 8
22 70 9
22 289 1
22 40 1
22 152 9
22 12 12
22 419 4
22 75 8
22 49 9
22 41 28
22 72 10
22 193 3
22 7 1
22 1 9
22 21 7
22 220 14
22 311 3
22 252 2
22 36 3
22 83 6
22 38 1
22 111 2
22 99 1
22 300 1
22 90 1
22 206 1
22 0 1
23 36 6
23 252 12
23 50 198
23 111 10
23 340 81
23 10 523
23 66 303
23 177 1
23 2 841
23 46 1
23 311 28
23 91 548
23 41 98
23 3 13
23 182 5
23 243 5
23 31 719
23 5 78
23 353 1
23 49 77
23 107 3
23 1 106
23 9 9
23 303 16
23 45 770
23 62 76
23 85 2
23 220 36
23 21 73
23 7 2
23 193 7
23 12 76
23 88 1
23 152 24
23 300 5
23 83 74
23 53 3
23 174 1
23 0 12
23 72 32
23 90 5
23 40 2
23 289 3
23 154 87
23 57 5
23 426 45
23 70 21
23 75 14
23 190 1
23 6 23
23 419 15
23 186 2
23 387 11
23 37 4
23 22 1
23 99 3
23 97 7
23 77 14
23 38 10
23 163 3
23 364 2
23 113 3
23 457 3
23 141 1
23 130 1
23 223 1
31 107 154
31 66 17009
31 154 8377
31 2 15637
31 340 4295
31 10 13315
31 91 31661
31 36 226
31 252 1070
31 152 2403
31 113 76
31 57 301
31 426 2886
31 5 3504
31 220 2426
31 21 1084
31 450 63
31 62 3084
31 9 182
31 303 520
31 45 21473
31 7 95
31 193 796
31 111 685
31 90 142
31 53 366
31 186 157
31 387 299
31 38 464
31 243 378
31 353 63
31 49 5885
31 41 3318
31 97 163
31 300 141
31 12 1238
31 50 5801
31 247 30
31 419 683
31 70 1014
31 478 10
31 1 1696
31 72 561
31 174 74
31 0 609
31 83 1922
31 75 421
31 40 70
31 289 142
31 6 2130
31 182 919
31 3 333
31 8 122
31 77 777
31 23 1644
31 311 569
31 163 173
31 88 147
31 475 13
31 312 3
31 22 212
31 413 26
31 436 7
31 99 41
31 258 51
31 165 23
31 401 54
31 46 42
31 190 72
31 571 7
31 177 41
31 316 17
31 37 133
31 209 44
31 85 135
31 457 39
31 130 566
31 141 102
31 558 23
31 275 9
31 208 13
31 170 49
31 61 45
31 224 2
31 218 73
31 297 1
31 206 17
31 417 9
31 467 2
31 211 7
31 19 6
31 364 22
31 223 12
31 261 2
31 459 5
31 420 2
31 78 1
31 176 3
419 340 82
419 10 443
419 49 99
419 36 14
419 252 15
419 154 162
419 66 354
419 177 1
419 2 745
419 77 29
419 40 3
419 289 4
419 220 59
419 21 80
419 3 19
419 182 10
419 243 4
419 31 773
419 62 73
419 5 79
419 91 601
419 50 188
419 208 2
419 9 8
419 303 31
419 45 1062
419 387 7
419 186 9
419 41 173
419 83 112
419 193 10
419 1 75
419 57 5
419 426 41
419 46 1
419 311 22
419 152 34
419 12 56
419 75 27
419 130 1
419 70 28
419 6 36
419 23 53
419 174 3
419 0 24
419 72 48
419 97 14
419 38 18
419 8 3
419 163 3
419 165 1
419 22 1
419 413 1
419 459 1
419 107 2
419 111 11
419 90 7
419 99 3
419 88 4
419 401 1
419 53 5
419 300 7
419 113 2
419 37 1
419 141 5
419 218 3
419 85 1
419 223 1
419 457 1
419 258 1
36 220 14
36 21 34
36 419 12
36 340 36
36 10 184
36 83 34
36 9 2
36 45 576
36 303 20
36 186 1
36 387 2
36 2 387
36 66 175
36 152 15
36 70 5
36 6 16
36 190 1
36 252 6
36 31 308
36 182 4
36 3 9
36 174 1
36 0 4
36 12 32
36 154 44
36 90 2
36 289 1
36 62 29
36 38 6
36 1 31
36 107 2
36 49 33
36 91 233
36 72 20
36 426 8
36 57 3
36 311 5
36 46 1
36 7 1
36 193 1
36 50 63
36 5 23
36 41 69
36 23 20
36 75 20
36 97 3
36 37 3
36 163 3
36 141 2
36 77 8
36 8 1
36 300 1
36 420 1
36 113 1
37 45 71
37 303 1
37 66 13
37 2 59
37 31 49
37 243 1
37 91 44
37 220 4
37 21 7
37 3 1
37 50 13
37 426 4
37 57 3
37 10 34
37 340 5
37 83 3
37 62 13
37 5 6
37 72 3
37 0 2
37 23 5
37 1 7
37 6 4
37 70 2
37 75 3
37 152 3
37 49 5
37 41 7
37 419 3
37 111 1
37 154 11
37 36 2
37 252 1
37 387 1
37 311 1
37 12 2
37 77 1
38 91 226
38 10 183
38 340 50
38 163 1
38 252 6
38 36 6
38 2 438
38 66 142
38 558 1
38 130 1
38 45 602
38 303 15
38 186 6
38 387 1
38 220 44
38 21 26
38 31 387
38 243 3
38 50 63
38 12 56
38 41 58
38 5 30
38 62 32
38 1 44
38 193 8
38 7 1
38 9 8
38 83 30
38 75 9
38 3 13
38 182 5
38 6 18
38 70 5
38 154 65
38 113 4
38 152 10
38 0 9
38 72 22
38 49 38
38 353 2
38 23 24
38 111 3
38 85 4
38 37 4
38 419 11
38 77 6
38 426 16
38 57 3
38 107 5
38 141 4
38 289 5
38 40 1
38 90 1
38 436 1
38 88 1
38 99 3
38 401 1
38 209 2
38 311 11
38 300 1
38 478 1
38 457 1
40 130 1
40 66 103
40 2 283
40 10 93
40 340 50
40 186 4
40 387 4
40 9 7
40 208 1
40 303 13
40 45 576
40 258 1
40 62 31
40 182 2
40 3 10
40 31 271
40 243 3
40 252 8
40 36 3
40 170 1
40 21 38
40 220 25
40 12 29
40 91 168
40 23 11
40 107 2
40 1 29
40 90 2
40 154 43
40 70 1
40 6 19
40 50 50
40 83 17
40 49 28
40 97 6
40 41 40
40 38 11
40 0 4
40 174 1
40 72 21
40 163 1
40 99 2
40 152 7
40 75 10
40 247 1
40 419 4
40 311 6
40 77 2
40 426 14
40 57 3
40 37 2
40 5 13
40 7 2
40 193 2
40 53 4
40 111 2
40 8 1
40 218 1
40 300 1
40 113 1
41 130 131
41 107 83
41 2 9922
41 66 5511
41 478 14
41 457 27
41 40 84
41 289 47
41 111 150
41 62 1316
41 154 4957
41 90 263
41 340 2605
41 10 4760
41 36 322
41 252 386
41 22 30
41 3 317
41 182 168
41 243 115
41 31 8940
41 316 3
41 5 644
41 91 11811
41 50 2172
41 220 2100
41 21 984
41 387 167
41 186 126
41 303 350
41 45 22768
41 70 309
41 53 143
41 190 15
41 6 576
41 300 131
41 23 539
41 12 904
41 152 445
41 88 82
41 9 229
41 72 890
41 174 77
41 0 272
41 311 400
41 83 1421
41 419 454
41 49 2040
41 97 201
41 1 997
41 475 11
41 57 302
41 426 612
41 165 15
41 38 413
41 7 39
41 193 175
41 37 134
41 141 80
41 77 256
41 113 80
41 75 315
41 170 43
41 85 24
41 312 2
41 209 15
41 258 23
41 8 54
41 218 86
41 46 46
41 417 15
41 211 8
41 413 12
41 450 37
41 353 28
41 99 75
41 206 13
41 177 31
41 558 33
41 571 5
41 247 11
41 163 147
41 436 6
41 401 13
41 579 3
41 19 5
41 208 24
41 297 4
41 467 2
41 176 9
41 61 11
41 364 4
41 223 7
41 261 1
41 275 7
41 459 5
41 78 2
45 91 19752
45 83 5707
45 417 42
45 50 5105
45 340 15891
45 10 11608
45 46 305
45 311 1172
45 31 36565
45 66 17980
45 177 211
45 2 46264
45 6 1934
45 220 4722
45 21 6250
45 19 14
45 218 316
45 316 25
45 5 2014
45 457 195
45 478 38
45 7 191
45 193 493
45 1 5987
45 303 2923
45 163 408
45 53 339
45 107 349
45 450 144
45 62 4382
45 49 4952
45 41 13972
45 182 769
45 3 1988
45 75 2352
45 426 2245
45 37 361
45 111 466
45 154 7800
45 77 948
45 170 118
45 36 1432
45 252 1736
45 72 4048
45 0 1007
45 174 228
45 152 2074
45 88 214
45 571 21
45 70 1096
45 12 8151
45 300 851
45 38 1972
45 40 772
45 23 1397
45 22 139
45 223 35
45 413 16
45 419 864
45 186 756
45 387 518
45 99 313
45 401 77
45 165 43
45 289 301
45 90 837
45 85 155
45 130 1096
45 190 152
45 57 1558
45 243 355
45 97 1161
45 353 176
45 206 54
45 141 539
45 9 1536
45 8 168
45 558 104
45 579 4
45 258 53
45 297 5
45 61 29
45 176 102
45 209 105
45 211 48
45 467 10
45 113 244
45 247 127
45 475 32
45 261 1
45 459 36
45 364 10
45 208 79
45 275 11
45 436 15
45 78 4
45 312 2
46 91 181
46 66 112
46 558 1
46 2 211
46 10 109
46 340 33
46 252 5
46 36 6
46 45 516
46 303 11
46 41 68
46 62 29
46 72 16
46 31 206
46 243 1
46 182 3
46 3 9
46 21 18
46 220 15
46 50 37
46 12 44
46 193 5
46 38 9
46 49 28
46 75 9
46 311 11
46 5 15
46 83 25
46 23 10
46 1 36
46 154 33
46 70 15
46 6 12
46 88 1
46 152 8
46 186 3
46 387 6
46 97 5
46 77 3
46 141 4
46 130 1
46 90 2
46 9 8
46 99 2
46 0 5
46 85 1
46 40 3
46 426 18
46 57 2
46 113 3
46 111 6
46 163 2
46 300 1
46 419 2
46 247 1
46 206 1
46 8 1
46 37 4
46 209 1
46 258 1
46 170 1
46 22 1
49 340 711
49 10 3158
49 2 6153
49 66 2628
49 41 1841
49 9 115
49 303 193
49 45 9538
49 57 108
49 426 630
49 113 44
49 243 177
49 31 9750
49 3 119
49 182 101
49 0 336
49 50 1608
49 21 489
49 220 1196
49 91 6418
49 141 46
49 83 1022
49 38 195
49 5 670
49 53 99
49 72 303
49 450 12
49 62 953
49 247 5
49 419 333
49 88 35
49 152 397
49 40 35
49 289 62
49 154 1513
49 90 85
49 6 409
49 70 165
49 311 195
49 1 554
49 107 87
49 364 3
49 23 424
49 77 277
49 163 75
49 7 34
49 193 118
49 12 439
49 37 49
49 186 59
49 387 123
49 97 105
49 252 322
49 36 115
49 75 129
49 111 195
49 300 84
49 130 65
49 99 16
49 353 13
49 258 18
49 8 33
49 478 2
49 457 12
49 190 16
49 218 29
49 209 9
49 417 7
49 165 4
49 316 1
49 558 10
49 22 22
49 413 8
49 174 23
49 177 8
49 571 2
49 85 19
49 46 5
49 61 7
49 19 2
49 223 7
49 176 1
49 208 9
49 401 10
49 211 3
49 170 6
49 261 1
49 206 1
50 41 181
50 45 1055
50 303 26
50 91 1071
50 2 1564
50 66 465
50 558 1
50 10 836
50 340 105
50 387 10
50 186 4
50 5 105
50 31 1174
50 243 5
50 83 122
50 426 67
50 57 6
50 220 76
50 21 89
50 62 139
50 311 42
50 46 2
50 77 24
50 23 73
50 154 134
50 419 29
50 247 1
50 49 140
50 12 59
50 3 18
50 182 13
50 6 61
50 8 6
50 130 3
50 252 25
50 36 7
50 141 3
50 163 6
50 85 5
50 90 3
50 9 11
50 193 14
50 107 6
50 1 83
50 38 30
50 53 12
50 70 37
50 75 34
50 152 31
50 111 19
50 0 17
50 174 3
50 72 49
50 97 6
50 258 1
50 22 2
50 300 6
50 37 1
50 88 1
50 165 1
50 40 1
50 289 1
50 113 4
50 401 2
53 340 97
53 10 287
53 154 97
53 2 631
53 558 2
53 66 256
53 90 6
53 130 5
53 62 74
53 40 8
53 289 3
53 91 553
53 111 16
53 243 2
53 31 651
53 41 135
53 419 19
53 37 3
53 353 1
53 49 109
53 417 1
53 50 124
53 220 67
53 21 56
53 303 21
53 45 1025
53 387 11
53 186 6
53 113 5
53 9 13
53 83 57
53 36 4
53 252 21
53 75 27
53 1 62
53 107 3
53 0 10
53 23 33
53 152 39
53 88 1
53 426 54
53 57 9
53 12 63
53 7 1
53 193 13
53 5 52
53 190 1
53 6 34
53 70 17
53 72 23
53 77 11
53 311 16
53 182 7
53 3 12
53 38 20
53 141 6
53 97 7
53 163 5
53 22 1
53 300 5
53 99 3
53 8 1
53 475 1
53 218 4
53 457 1
53 209 1
53 177 1
53 450 1
53 85 1
53 165 1
53 312 1
53 206 1
57 9 7
57 303 23
57 45 1156
57 62 76
57 130 4
57 90 12
57 66 243
57 154 95
57 340 71
57 10 288
57 2 629
57 387 5
57 186 7
57 49 51
57 91 426
57 50 119
57 1 81
57 70 17
57 6 33
57 3 14
57 182 6
57 243 5
57 31 460
57 97 9
57 300 9
57 21 68
57 220 53
57 107 1
57 83 80
57 41 122
57 5 47
57 0 20
57 53 3
57 72 37
57 7 3
57 193 2
57 12 76
57 218 3
57 23 32
57 46 1
57 311 13
57 419 13
57 38 13
57 75 22
57 289 2
57 40 6
57 252 9
57 36 10
57 113 3
57 426 22
57 111 10
57 37 2
57 88 6
57 152 19
57 22 1
57 206 1
57 8 4
57 77 9
57 141 3
57 85 4
57 401 2
57 163 4
57 457 1
57 478 1
57 174 1
57 558 1
61 1 7
61 176 1
61 45 86
61 303 2
61 10 44
61 340 17
61 31 160
61 243 1
61 66 39
61 2 74
61 50 26
61 12 8
61 211 1
61 62 15
61 91 112
61 49 23
61 5 10
61 220 12
61 21 3
61 3 1
61 182 3
61 6 1
61 154 14
61 419 2
61 75 3
61 426 13
61 57 2
61 130 4
61 186 1
61 387 3
61 0 3
61 53 4
61 72 4
61 111 6
61 8 4
61 19 1
61 83 18
61 23 5
61 152 1
61 88 1
61 252 3
61 36 2
61 70 2
61 41 24
61 85 1
61 9 1
61 38 2
61 311 3
61 193 3
61 401 2
61 107 1
61 40 2
61 97 1
62 41 250
62 9 34
62 303 53
62 45 2066
62 1 159
62 91 1499
62 426 124
62 57 22
62 387 25
62 186 13
62 340 171
62 10 1038
62 417 2
62 50 550
62 558 5
62 66 862
62 2 2066
62 130 13
62 243 19
62 31 1861
62 3 28
62 182 22
62 12 128
62 154 213
62 90 16
62 152 88
62 5 196
62 190 2
62 6 93
62 70 48
62 220 174
62 21 205
62 247 4
62 419 42
62 72 76
62 53 19
62 0 42
62 23 111
62 83 196
62 252 24
62 36 25
62 311 47
62 75 62
62 7 5
62 193 25
62 38 27
62 353 2
62 49 252
62 163 12
62 218 3
62 113 13
62 107 26
62 436 1
62 40 19
62 289 9
62 111 31
62 37 5
62 77 44
62 141 9
62 97 24
62 450 1
62 88 3
62 22 3
62 401 1
62 300 8
62 174 7
62 457 2
62 46 1
62 8 3
62 177 1
62 258 1
62 99 3
62 209 3
62 206 1
62 176 1
62 275 1
62 223 1
62 85 2
62 170 1
457 45 529
457 303 14
457 9 5
457 208 2
457 83 29
457 91 152
457 31 300
457 243 3
457 252 16
457 36 10
457 10 118
457 340 44
457 21 33
457 220 20
457 182 2
457 3 4
457 186 3
457 387 3
457 90 2
457 62 31
457 154 49
457 130 4
457 66 103
457 2 266
457 12 38
457 107 1
457 193 2
457 1 33
457 176 1
457 75 12
457 70 7
457 6 18
457 190 2
457 41 59
457 174 1
457 0 6
457 46 1
457 311 5
457 426 12
457 57 4
457 50 46
457 111 5
457 49 34
457 88 2
457 152 9
457 5 13
457 419 12
457 72 20
457 163 1
457 99 3
457 40 3
457 23 14
457 38 8
457 77 6
457 97 5
457 8 1
457 22 2
457 37 3
457 85 1
457 113 2
457 300 4
457 141 2
66 77 560
66 186 236
66 387 224
66 53 101
66 3 442
66 182 173
66 70 618
66 247 25
66 419 393
66 91 14843
66 478 10
66 457 27
66 243 128
66 31 17863
66 170 45
66 252 429
66 340 2008
66 10 7431
66 41 2884
66 83 1504
66 5 1921
66 316 4
66 303 488
66 45 15567
66 2 10149
66 107 115
66 450 23
66 62 2112
66 426 922
66 417 12
66 50 2650
66 7 46
66 193 319
66 1 1087
66 174 53
66 0 377
66 353 16
66 49 1474
66 90 147
66 40 56
66 289 75
66 154 2717
66 152 852
66 72 507
66 9 195
66 38 305
66 12 1001
66 75 482
66 21 1064
66 220 1485
66 23 899
66 165 9
66 401 23
66 163 153
66 300 186
66 311 338
66 97 153
66 312 2
66 88 78
66 111 287
66 37 87
66 218 63
66 436 5
66 113 100
66 209 30
66 177 38
66 571 10
66 99 35
66 57 212
66 364 6
66 258 30
66 6 584
66 223 9
66 176 7
66 130 202
66 8 39
66 558 20
66 85 70
66 190 34
66 141 97
66 36 256
66 459 13
66 46 56
66 22 76
66 413 11
66 297 1
66 208 12
66 61 12
66 211 2
66 475 1
66 206 4
66 224 1
66 19 1
66 275 2
66 467 1
70 303 26
70 45 1027
70 66 454
70 2 983
70 243 4
70 31 878
70 49 74
70 340 113
70 10 623
70 220 48
70 21 82
70 91 869
70 75 32
70 174 4
70 0 15
70 72 42
70 154 111
70 41 131
70 190 1
70 6 35
70 247 1
70 419 17
70 5 70
70 23 67
70 50 233
70 1 66
70 387 4
70 186 5
70 9 21
70 57 8
70 426 52
70 83 95
70 36 12
70 252 15
70 130 4
70 3 20
70 182 8
70 457 3
70 90 9
70 85 3
70 300 9
70 111 8
70 77 22
70 46 2
70 311 26
70 62 93
70 193 13
70 7 2
70 97 11
70 12 88
70 163 5
70 38 10
70 223 1
70 37 2
70 152 37
70 289 2
70 40 3
70 107 1
70 258 1
70 22 2
70 53 5
70 113 3
70 141 2
70 170 1
70 99 1
70 165 1
70 8 1
72 340 91
72 10 271
72 387 5
72 186 5
72 9 23
72 303 19
72 45 1105
72 130 5
72 66 195
72 2 702
72 36 17
72 252 12
72 3 12
72 182 2
72 243 8
72 31 473
72 300 7
72 21 88
72 220 57
72 50 156
72 7 3
72 193 8
72 12 68
72 23 23
72 91 458
72 75 19
72 218 2
72 450 1
72 62 60
72 90 10
72 154 68
72 5 36
72 113 4
72 57 8
72 426 30
72 353 1
72 49 60
72 46 3
72 311 13
72 83 70
72 41 114
72 107 1
72 1 77
72 70 13
72 6 27
72 77 7
72 141 6
72 289 1
72 40 6
72 88 2
72 152 13
72 38 11
72 97 8
72 247 1
72 419 13
72 61 1
72 174 1
72 0 8
72 22 2
72 85 1
72 37 5
72 163 1
72 111 3
72 170 1
72 53 4
72 208 2
72 211 1
72 417 1
72 223 1
72 401 1
72 206 1
72 8 1
75 50 127
75 91 505
75 23 36
75 303 22
75 45 1128
75 31 496
75 243 5
75 3 9
75 182 3
75 53 4
75 49 42
75 10 358
75 340 99
75 1 68
75 2 801
75 558 1
75 66 265
75 57 16
75 426 27
75 62 76
75 154 69
75 5 47
75 174 5
75 0 6
75 70 13
75 6 52
75 21 71
75 220 53
75 211 2
75 12 52
75 41 108
75 247 2
75 419 10
75 163 5
75 38 9
75 46 2
75 311 14
75 300 7
75 97 7
75 40 5
75 289 2
75 77 15
75 141 1
75 7 2
75 193 4
75 111 5
75 72 35
75 252 7
75 36 7
75 83 69
75 186 4
75 387 3
75 37 5
75 152 17
75 130 3
75 208 1
75 9 13
75 88 1
75 90 7
75 218 1
75 107 2
75 8 2
75 22 1
75 113 1
75 85 1
459 111 1
459 340 6
459 10 41
459 2 74
459 45 107
459 303 2
459 252 3
459 36 1
459 21 7
459 220 8
459 91 47
459 41 16
459 5 7
459 70 3
459 50 17
459 31 57
459 1 4
459 23 9
459 154 12
459 66 36
459 0 2
459 97 1
459 62 4
459 450 1
459 49 5
459 311 3
459 12 6
459 387 1
459 186 1
459 426 4
459 57 1
459 83 4
459 6 1
459 190 1
459 22 2
459 152 4
459 419 3
459 72 5
459 75 1
459 182 2
459 289 1
459 9 1
459 77 1
459 141 1
459 38 1
459 163 1
77 303 62
77 45 2216
77 193 11
77 7 6
77 243 18
77 31 1476
77 177 1
77 2 1607
77 66 801
77 3 27
77 182 21
77 340 180
77 10 954
77 50 355
77 176 3
77 1 129
77 12 149
77 450 2
77 62 191
77 57 9
77 426 109
77 41 255
77 152 100
77 88 5
77 49 206
77 91 1301
77 53 13
77 23 113
77 220 139
77 21 133
77 36 26
77 252 46
77 154 270
77 5 154
77 75 60
77 70 46
77 275 1
77 38 33
77 174 5
77 0 53
77 72 89
77 186 11
77 387 22
77 83 238
77 40 6
77 289 10
77 9 29
77 419 86
77 190 2
77 6 75
77 113 12
77 46 5
77 311 59
77 163 14
77 99 11
77 300 19
77 37 10
77 111 23
77 107 6
77 97 19
77 90 10
77 22 4
77 413 1
77 141 10
77 208 2
77 130 6
77 401 2
77 85 5
77 8 5
77 459 1
77 247 3
77 457 2
77 209 3
77 475 1
77 218 4
77 353 3
77 211 1
77 170 1
77 78 1
77 558 2
77 223 1
78 154 9
78 66 11
78 2 26
78 62 2
78 220 2
78 21 3
78 12 5
78 23 3
78 45 40
78 303 1
78 31 13
78 10 12
78 340 4
78 49 1
78 387 1
78 186 1
78 5 2
78 91 9
78 419 1
78 41 1
78 1 3
78 258 1
78 77 1
78 83 1
78 50 1
78 38 1
78 0 1
83 303 92
83 45 4306
83 66 1394
83 2 3148
83 154 486
83 311 96
83 91 2495
83 450 5
83 62 346
83 340 358
83 10 1676
83 417 3
83 50 651
83 31 2689
83 220 238
83 21 287
83 113 16
83 1 260
83 12 242
83 190 3
83 6 147
83 5 286
83 23 209
83 111 47
83 75 106
83 36 42
83 252 69
83 130 11
83 457 5
83 90 33
83 9 58
83 208 3
83 49 423
83 3 65
83 182 25
83 57 52
83 426 147
83 152 114
83 70 72
83 40 18
83 289 22
83 141 19
83 77 83
83 97 48
83 107 24
83 37 12
83 85 7
83 41 567
83 174 2
83 0 139
83 53 16
83 72 152
83 8 5
83 419 119
83 7 5
83 193 28
83 163 18
83 99 11
83 38 68
83 22 9
83 413 2
83 387 49
83 209 5
83 300 30
83 478 1
83 88 16
83 243 32
83 186 30
83 353 6
83 258 8
83 61 1
83 177 9
83 165 1
83 218 5
83 170 7
83 223 3
83 558 2
83 46 5
83 275 1
83 247 2
83 401 2
467 220 5
467 21 1
467 91 26
467 289 1
467 2 31
467 177 1
467 66 23
467 154 14
467 90 1
467 10 27
467 340 2
467 5 3
467 45 59
467 186 1
467 83 2
467 31 36
467 243 1
467 41 13
467 182 2
467 12 6
467 311 1
467 50 5
467 111 1
467 62 5
467 77 3
467 49 2
467 1 1
467 70 2
467 252 1
467 419 2
467 152 2
467 426 1
467 113 1
467 300 1
467 85 1
467 23 1
467 193 1
85 2 126
85 66 97
85 31 140
85 243 2
85 10 94
85 340 16
85 182 3
85 3 1
85 50 32
85 130 1
85 91 116
85 72 9
85 0 1
85 174 1
85 45 190
85 303 4
85 9 2
85 62 20
85 220 8
85 21 17
85 83 20
85 12 12
85 41 34
85 426 9
85 75 5
85 387 1
85 23 9
85 1 13
85 300 2
85 154 23
85 70 3
85 6 6
85 49 7
85 163 1
85 38 2
85 5 7
85 22 1
85 419 3
85 311 4
85 152 4
85 252 3
85 107 1
85 90 1
85 7 1
85 218 1
85 8 1
88 154 34
88 107 1
88 2 129
88 66 72
88 53 3
88 62 19
88 9 1
88 45 143
88 303 4
88 41 23
88 91 135
88 141 1
88 31 173
88 243 1
88 10 76
88 340 20
88 220 8
88 21 8
88 83 9
88 72 4
88 0 1
88 12 15
88 1 9
88 193 1
88 38 2
88 49 20
88 353 1
88 50 32
88 5 12
88 426 12
88 57 1
88 3 2
88 190 1
88 6 10
88 23 8
88 75 3
88 70 3
88 36 2
88 252 5
88 152 8
88 111 4
88 311 6
88 419 4
88 97 2
88 90 1
88 40 1
88 206 1
90 303 8
90 45 464
90 41 62
90 426 14
90 57 5
90 91 198
90 2 273
90 177 1
90 66 93
90 10 117
90 340 47
90 31 247
90 243 1
90 182 4
90 3 7
90 154 49
90 1 32
90 75 8
90 83 22
90 49 24
90 12 26
90 62 26
90 450 1
90 50 49
90 36 5
90 252 4
90 0 4
90 174 2
90 77 5
90 99 2
90 38 8
90 130 4
90 152 17
90 9 6
90 208 1
90 457 1
90 186 1
90 21 27
90 220 23
90 6 15
90 70 7
90 72 21
90 53 3
90 88 2
90 111 4
90 40 5
90 5 13
90 7 2
90 193 3
90 311 6
90 46 2
90 141 2
90 23 10
90 300 2
90 22 1
90 8 2
90 419 3
90 97 1
90 107 1
90 37 2
91 53 354
91 5 1828
91 174 92
91 0 781
91 50 7373
91 72 1400
91 152 2063
91 289 115
91 107 96
91 176 17
91 1 2146
91 177 56
91 2 17604
91 66 15346
91 340 4159
91 10 13314
91 252 879
91 457 47
91 3 551
91 182 602
91 243 233
91 31 34475
91 85 117
91 220 3643
91 21 1993
91 62 4121
91 387 310
91 186 173
91 303 405
91 45 20059
91 300 188
91 475 9
91 90 299
91 154 3895
91 70 1481
91 571 32
91 57 346
91 426 3375
91 49 4113
91 111 465
91 75 684
91 6 1385
91 41 7109
91 364 11
91 23 1699
91 83 3351
91 7 104
91 193 655
91 12 1389
91 311 787
91 223 25
91 413 44
91 22 178
91 38 336
91 209 48
91 247 22
91 419 857
91 37 305
91 8 142
91 77 845
91 436 16
91 258 80
91 312 4
91 141 126
91 40 96
91 9 282
91 97 276
91 130 331
91 99 94
91 450 119
91 316 11
91 190 47
91 88 141
91 163 143
91 36 320
91 478 14
91 46 67
91 218 138
91 170 65
91 401 51
91 165 25
91 417 22
91 113 136
91 297 1
91 211 8
91 467 5
91 558 37
91 61 37
91 353 43
91 208 35
91 206 26
91 275 19
91 459 11
91 224 2
91 78 2
91 579 2
91 420 4
91 261 1
91 19 4
475 141 1
475 77 4
475 45 160
475 303 2
475 66 44
475 2 81
475 243 2
475 31 120
475 75 6
475 220 14
475 21 6
475 426 9
475 57 1
475 12 4
475 340 26
475 10 43
475 50 15
475 5 4
475 1 10
475 154 32
475 62 13
475 91 65
475 419 3
475 111 1
475 41 32
475 70 3
475 6 6
475 190 1
475 218 1
475 478 1
475 23 4
475 49 5
475 53 1
475 72 2
475 0 2
475 22 1
475 83 7
475 252 2
475 36 1
475 152 6
475 3 3
475 38 1
475 97 1
475 387 1
475 193 1
475 311 2
97 45 522
97 303 12
97 83 26
97 23 13
97 426 13
97 57 3
97 91 215
97 41 53
97 5 15
97 10 119
97 340 46
97 77 3
97 141 1
97 50 51
97 12 30
97 70 7
97 6 19
97 2 292
97 66 92
97 220 35
97 21 32
97 1 31
97 49 20
97 3 13
97 31 291
97 243 3
97 154 39
97 218 2
97 90 6
97 62 36
97 450 1
97 419 6
97 247 1
97 311 6
97 7 1
97 193 6
97 75 16
97 152 14
97 99 1
97 38 11
97 72 16
97 252 4
97 36 3
97 9 10
97 208 2
97 111 4
97 186 2
97 387 3
97 300 2
97 0 2
97 88 1
97 53 1
97 40 2
97 289 1
97 113 1
97 22 1
99 45 240
99 303 7
99 23 9
99 49 12
99 419 3
99 21 16
99 220 15
99 91 98
99 41 31
99 31 132
99 243 1
99 340 19
99 10 73
99 3 4
99 182 1
99 97 3
99 154 17
99 218 1
99 90 4
99 1 18
99 2 181
99 66 48
99 130 1
99 50 27
99 62 15
99 36 5
99 252 1
99 163 3
99 9 2
99 83 14
99 6 8
99 70 4
99 311 3
99 72 12
99 75 4
99 12 15
99 5 12
99 152 5
99 38 4
99 141 2
99 426 1
99 111 2
99 387 2
99 186 1
99 77 2
99 193 2
107 62 54
107 450 1
107 2 418
107 177 1
107 66 221
107 31 375
107 243 3
107 193 6
107 1 37
107 50 70
107 10 172
107 340 65
107 91 212
107 72 19
107 0 6
107 174 1
107 49 40
107 353 1
107 426 19
107 57 7
107 113 1
107 83 55
107 152 13
107 5 27
107 45 643
107 303 17
107 186 3
107 387 17
107 77 17
107 220 30
107 21 39
107 23 22
107 41 71
107 163 4
107 154 53
107 85 1
107 12 37
107 9 6
107 36 9
107 252 8
107 419 8
107 247 2
107 75 17
107 97 6
107 3 7
107 182 1
107 6 19
107 70 10
107 413 1
107 40 5
107 289 1
107 38 10
107 311 18
107 46 2
107 111 9
107 37 1
107 300 6
107 141 2
107 90 3
107 53 3
107 130 2
107 88 1
107 8 1
111 3 17
111 182 9
111 353 1
111 49 150
111 340 68
111 10 514
111 50 194
111 243 21
111 31 942
111 91 619
111 457 1
111 41 137
111 1 81
111 107 15
111 2 808
111 66 399
111 450 1
111 62 108
111 247 2
111 419 27
111 220 45
111 21 56
111 152 39
111 0 23
111 72 30
111 23 51
111 5 95
111 57 7
111 426 68
111 113 2
111 303 32
111 45 1027
111 289 7
111 6 31
111 70 32
111 83 75
111 154 140
111 163 8
111 12 82
111 77 28
111 141 4
111 75 26
111 311 21
111 38 21
111 252 21
111 36 15
111 218 5
111 387 8
111 186 6
111 130 4
111 37 2
111 193 15
111 9 11
111 53 7
111 8 2
111 99 2
111 22 2
111 165 1
111 90 3
111 97 3
111 209 1
111 88 1
111 170 1
111 300 4
111 61 1
111 7 1
111 174 2
111 46 1
111 417 1
111 258 1
111 40 1
113 66 88
113 2 205
113 154 31
113 218 1
113 49 11
113 10 86
113 340 34
113 12 26
113 1 19
113 91 134
113 303 9
113 45 244
113 0 5
113 62 26
113 450 1
113 50 55
113 5 16
113 31 143
113 419 4
113 41 43
113 23 12
113 426 6
113 57 2
113 220 31
113 21 19
113 83 14
113 413 1
113 3 5
113 182 1
113 311 3
113 46 1
113 300 3
113 72 12
113 9 3
113 111 1
113 75 3
113 70 6
113 6 9
113 38 6
113 77 3
113 141 1
113 97 3
113 36 6
113 252 2
113 163 2
113 152 5
113 193 1
130 289 7
130 90 6
130 66 323
130 2 462
130 154 78
130 36 7
130 252 11
130 340 66
130 10 248
130 8 2
130 3 10
130 182 5
130 243 2
130 31 977
130 193 23
130 12 54
130 91 523
130 46 1
130 311 16
130 152 61
130 190 1
130 6 14
130 300 7
130 70 23
130 38 11
130 275 1
130 303 15
130 45 828
130 9 6
130 41 119
130 83 47
130 0 9
130 174 1
130 49 50
130 57 16
130 426 45
130 113 3
130 53 3
130 72 31
130 21 49
130 220 41
130 50 91
130 37 4
130 170 1
130 5 38
130 1 47
130 75 14
130 23 28
130 111 7
130 77 7
130 62 74
130 419 8
130 163 2
130 186 4
130 387 7
130 85 3
130 401 7
130 107 3
130 99 1
130 436 1
130 218 2
130 413 1
130 22 1
130 97 6
130 7 1
130 558 1
130 177 1
130 457 1
130 247 2
130 208 1
130 364 1
130 206 1
130 40 2
130 141 1
130 88 1
312 66 7
312 2 25
312 31 41
312 21 4
312 220 3
312 91 34
312 426 2
312 111 2
312 10 15
312 340 4
312 50 5
312 45 33
312 49 8
312 1 4
312 62 4
312 154 4
312 41 12
312 37 1
312 83 4
312 6 1
312 193 2
312 12 1
312 23 1
312 40 1
312 152 1
312 72 1
312 75 2
312 70 1
312 163 2
258 83 21
258 45 334
258 303 3
258 31 160
258 154 26
258 2 166
258 66 106
258 10 80
258 340 15
258 182 4
258 3 4
258 62 27
258 36 5
258 252 8
258 70 9
258 5 11
258 91 131
258 50 36
258 1 22
258 152 12
258 41 61
258 49 20
258 130 2
258 88 1
258 23 10
258 218 1
258 9 3
258 186 3
258 387 2
258 289 3
258 40 1
258 90 3
258 113 1
258 38 4
258 426 9
258 57 5
258 6 5
258 12 12
258 193 3
258 163 1
258 220 15
258 21 19
258 72 10
258 413 1
258 22 1
258 85 1
258 77 3
258 75 5
258 419 3
258 311 6
258 97 3
258 300 3
258 111 4
258 53 2
258 0 2
258 107 1
141 83 14
141 45 247
141 303 5
141 1 17
141 2 163
141 66 61
141 130 2
141 50 44
141 10 79
141 340 16
141 91 97
141 31 153
141 243 2
141 12 17
141 70 4
141 6 8
141 154 19
141 5 15
141 62 22
141 23 10
141 49 10
141 41 20
141 9 4
141 21 22
141 220 8
141 152 7
141 193 1
141 3 6
141 77 3
141 38 7
141 419 3
141 72 8
141 36 5
141 252 1
141 75 3
141 311 6
141 40 1
141 97 3
141 57 1
141 426 1
141 186 1
141 85 1
141 0 2
141 53 1
152 91 1826
152 340 252
152 10 831
152 49 211
152 186 21
152 387 13
152 417 1
152 50 389
152 243 13
152 31 2059
152 558 2
152 66 804
152 177 5
152 2 1637
152 303 63
152 45 2351
152 252 57
152 36 19
152 57 14
152 426 216
152 83 118
152 0 35
152 5 143
152 23 102
152 41 255
152 62 214
152 3 41
152 182 25
152 21 141
152 220 182
152 37 5
152 12 145
152 75 48
152 90 21
152 154 286
152 208 1
152 9 18
152 218 7
152 1 148
152 107 7
152 53 23
152 72 76
152 6 80
152 70 34
152 311 41
152 289 9
152 40 14
152 22 8
152 97 25
152 130 18
152 111 22
152 247 1
152 419 37
152 38 34
152 163 9
152 99 10
152 141 10
152 77 42
152 300 8
152 193 20
152 457 4
152 170 4
152 113 10
152 401 1
152 258 2
152 7 5
152 450 2
152 46 5
152 174 2
152 209 2
152 8 4
152 165 2
152 85 6
152 61 1
152 190 1
152 88 2
152 223 2
154 340 3083
154 10 3876
154 50 1595
154 426 527
154 57 178
154 91 6069
154 2 7060
154 66 4877
154 243 74
154 31 13579
154 303 268
154 45 13966
154 41 4350
154 83 938
154 1 714
154 12 650
154 450 30
154 62 1142
154 111 162
154 49 1586
154 19 4
154 218 36
154 23 425
154 46 20
154 311 271
154 130 95
154 107 110
154 252 305
154 387 118
154 186 70
154 53 82
154 174 34
154 0 271
154 72 497
154 75 213
154 258 14
154 21 623
154 220 1398
154 70 237
154 6 697
154 300 90
154 5 1058
154 163 112
154 7 20
154 193 132
154 88 55
154 152 489
154 419 379
154 22 18
154 223 12
154 413 10
154 77 243
154 165 18
154 38 265
154 40 74
154 289 52
154 113 44
154 99 49
154 170 29
154 90 140
154 37 138
154 3 196
154 85 26
154 209 14
154 9 144
154 211 5
154 36 238
154 97 151
154 353 22
154 8 30
154 141 52
154 206 16
154 182 135
154 177 43
154 571 4
154 190 17
154 61 5
154 475 6
154 297 1
154 558 9
154 364 2
154 208 12
154 478 4
154 316 1
154 176 2
154 247 14
154 401 9
154 457 24
154 436 1
154 417 8
154 459 1
154 467 1
163 387 11
163 186 4
163 50 125
163 31 481
163 243 7
163 10 308
163 340 75
163 353 1
163 49 78
163 300 9
163 91 444
163 303 12
163 45 910
163 21 44
163 220 57
163 41 203
163 9 11
163 1 36
163 130 4
163 558 2
163 66 263
163 2 589
163 3 14
163 182 1
163 457 1
163 152 25
163 83 77
163 450 3
163 62 85
163 72 34
163 419 14
163 12 35
163 36 12
163 252 18
163 5 42
163 206 1
163 8 2
163 38 15
163 90 9
163 289 4
163 154 138
163 311 12
163 46 2
163 99 2
163 70 22
163 6 17
163 97 5
163 22 1
163 61 1
163 0 6
163 174 1
163 75 17
163 258 2
163 23 29
163 165 1
163 57 8
163 426 14
163 111 10
163 37 4
163 77 8
163 53 5
163 193 19
163 113 7
163 107 2
163 141 4
163 40 1
163 218 2
163 436 1
163 88 3
163 177 1
163 459 1
163 413 1
163 247 2
163 85 1
163 7 1
163 223 1
165 252 3
165 36 1
165 220 16
165 21 12
165 90 1
165 66 80
165 154 28
165 62 17
165 10 92
165 340 14
165 2 161
165 31 142
165 182 5
165 3 2
165 186 1
165 387 1
165 45 232
165 303 5
165 91 115
165 41 42
165 83 11
165 1 14
165 193 2
165 7 1
165 9 3
165 50 28
165 417 1
165 23 12
165 6 8
165 70 4
165 72 9
165 53 3
165 426 11
165 57 4
165 38 4
165 49 22
165 5 9
165 152 5
165 12 23
165 311 1
165 37 1
165 75 2
165 40 2
165 289 2
165 97 2
165 163 2
165 111 3
165 419 1
165 113 1
165 130 2
165 0 2
165 85 1
165 141 2
170 340 98
170 10 136
170 90 5
170 130 2
170 154 107
170 177 3
170 2 280
170 66 261
170 387 1
170 186 8
170 303 17
170 45 671
170 457 1
170 3 14
170 182 6
170 31 352
170 426 27
170 57 4
170 91 281
170 70 13
170 6 23
170 417 2
170 50 58
170 311 12
170 46 3
170 111 6
170 220 61
170 21 32
170 107 2
170 1 39
170 193 12
170 141 4
170 77 4
170 38 8
170 53 1
170 41 104
170 49 24
170 23 16
170 152 19
170 300 5
170 475 1
170 62 39
170 113 1
170 8 1
170 36 15
170 252 6
170 12 35
170 72 32
170 75 9
170 5 22
170 97 10
170 459 2
170 83 21
170 40 5
170 163 3
170 174 1
170 208 1
170 9 7
170 99 2
170 218 2
170 165 1
170 247 3
170 419 3
170 22 1
170 37 2
170 289 1
170 88 1
170 401 1
300 45 652
300 303 7
300 91 242
300 220 28
300 21 38
300 72 26
300 12 37
300 0 6
300 174 2
300 66 126
300 2 341
300 130 4
300 10 143
300 340 41
300 31 275
300 243 1
300 252 9
300 36 5
300 62 40
300 50 62
300 206 1
300 8 1
300 57 7
300 426 15
300 83 48
300 41 78
300 49 38
300 311 8
300 9 12
300 208 1
300 5 22
300 154 45
300 6 13
300 70 3
300 1 30
300 77 8
300 40 3
300 75 21
300 23 18
300 3 8
300 182 2
300 419 9
300 99 1
300 111 2
300 152 11
300 223 1
300 38 10
300 193 4
300 7 2
300 107 2
300 186 2
300 387 2
300 97 4
300 90 3
300 141 1
300 113 1
300 163 1
300 53 2
300 218 1
300 22 1
172 45 1
174 154 44
174 2 289
174 66 125
174 10 131
174 340 25
174 62 24
174 450 1
174 45 499
174 303 12
174 36 10
174 252 5
174 186 6
174 387 4
174 220 21
174 21 31
174 31 327
174 243 1
174 182 7
174 3 5
174 91 203
174 41 55
174 50 48
174 97 4
174 419 7
174 247 1
174 49 17
174 83 22
174 152 17
174 88 4
174 7 1
174 193 3
174 72 18
174 12 33
174 1 23
174 57 2
174 426 11
174 70 14
174 6 20
174 5 20
174 75 16
174 23 9
174 401 1
174 38 9
174 77 5
174 53 3
174 130 3
174 9 3
174 457 1
174 218 2
174 46 1
174 311 2
174 0 4
174 90 5
174 300 2
174 111 2
174 206 1
174 40 1
174 289 1
174 113 1
176 2 72
176 10 32
176 340 7
176 21 9
176 220 3
176 91 82
176 303 3
176 45 199
176 9 5
176 186 1
176 387 2
176 31 83
176 311 3
176 154 8
176 77 4
176 50 19
176 5 4
176 66 58
176 130 1
176 419 5
176 70 3
176 6 8
176 41 16
176 152 5
176 163 1
176 426 5
176 57 3
176 300 1
176 49 7
176 83 7
176 107 2
176 1 7
176 193 4
176 141 2
176 53 1
176 206 1
176 8 1
176 3 5
176 38 2
176 90 1
176 62 5
176 37 1
176 174 1
176 75 3
176 12 10
176 72 4
176 111 2
176 252 2
176 36 1
176 218 1
176 23 2
176 401 1
177 66 174
177 2 381
177 31 378
177 340 89
177 10 158
177 91 294
177 303 18
177 45 961
177 36 9
177 252 13
177 41 108
177 154 105
177 62 41
177 50 62
177 23 14
177 413 1
177 3 18
177 182 4
177 9 11
177 90 5
177 21 37
177 220 42
177 300 5
177 130 8
177 152 24
177 49 41
177 206 1
177 8 3
177 5 30
177 75 15
177 83 47
177 107 7
177 1 38
177 57 18
177 426 22
177 46 1
177 311 11
177 111 8
177 37 1
177 70 10
177 186 4
177 387 7
177 53 7
177 190 1
177 6 19
177 38 14
177 72 38
177 7 1
177 193 5
177 12 55
177 77 7
177 457 2
177 88 2
177 141 3
177 289 2
177 40 9
177 85 1
177 419 6
177 22 1
177 99 3
177 97 3
177 0 2
177 218 1
177 170 1
177 163 1
177 467 1
182 289 5
182 40 9
182 57 20
182 426 178
182 91 1708
182 111 23
182 49 190
182 66 691
182 2 1248
182 450 3
182 62 233
182 243 16
182 31 2312
182 50 591
182 340 232
182 10 814
182 45 2225
182 303 38
182 53 17
182 154 279
182 6 104
182 419 46
182 36 30
182 252 37
182 220 141
182 21 165
182 41 308
182 72 77
182 12 105
182 152 87
182 5 135
182 38 36
182 83 143
182 113 5
182 300 11
182 8 6
182 1 106
182 130 19
182 70 50
182 46 5
182 311 44
182 163 5
182 23 91
182 413 2
182 223 1
182 174 13
182 0 26
182 7 5
182 193 21
182 387 12
182 186 15
182 77 32
182 85 3
182 75 50
182 170 2
182 22 13
182 61 3
182 258 1
182 3 28
182 37 11
182 97 15
182 209 2
182 90 9
182 9 14
182 457 1
182 208 1
182 417 2
182 141 6
182 107 7
182 571 1
182 177 3
182 99 1
182 218 4
182 211 1
182 401 1
182 88 3
182 206 2
182 247 1
186 300 4
186 220 36
186 21 50
186 45 778
186 303 25
186 62 45
186 450 1
186 2 424
186 31 322
186 243 2
186 182 11
186 3 9
186 66 192
186 130 1
186 9 9
186 10 176
186 340 63
186 1 45
186 12 52
186 91 223
186 5 22
186 70 7
186 6 17
186 75 14
186 50 68
186 49 33
186 90 2
186 154 66
186 289 3
186 40 3
186 72 29
186 0 8
186 38 9
186 77 7
186 23 25
186 41 83
186 83 54
186 426 17
186 57 5
186 311 7
186 46 2
186 152 24
186 36 8
186 252 11
186 419 10
186 97 5
186 99 1
186 111 3
186 193 1
186 7 1
186 53 2
186 387 1
186 85 1
186 459 1
316 31 131
316 243 1
316 2 108
316 177 1
316 66 43
316 50 22
316 49 16
316 91 58
316 45 163
316 303 5
316 457 1
316 1 14
316 10 50
316 340 7
316 23 8
316 300 4
316 12 17
316 5 12
316 41 21
316 62 9
316 154 24
316 21 5
316 220 4
316 36 2
316 252 4
316 426 5
316 57 2
316 83 8
316 152 3
316 70 3
316 6 2
316 97 1
316 3 2
316 38 4
316 9 2
316 193 4
316 8 1
316 163 3
316 72 2
316 0 1
316 419 2
316 77 1
316 75 1
316 311 1
190 53 2
190 31 364
190 243 1
190 2 299
190 10 125
190 340 54
190 50 44
190 41 76
190 457 1
190 1 40
190 186 2
190 387 5
190 45 764
190 303 10
190 21 29
190 220 20
190 252 19
190 36 11
190 130 2
190 107 2
190 66 111
190 91 173
190 0 8
190 174 3
190 72 15
190 12 53
190 9 3
190 475 1
190 300 3
190 419 7
190 38 11
190 62 36
190 154 74
190 49 35
190 311 7
190 46 2
190 3 4
190 97 6
190 75 10
190 70 8
190 6 8
190 5 22
190 193 7
190 111 6
190 152 12
190 83 26
190 22 1
190 426 18
190 57 4
190 113 3
190 141 5
190 23 16
190 163 2
190 37 3
190 40 3
190 88 3
190 99 3
190 77 1
190 85 1
190 8 1
193 340 185
193 10 799
193 66 759
193 177 2
193 2 1183
193 62 202
193 91 1534
193 303 50
193 45 1688
193 83 163
193 387 19
193 186 13
193 21 97
193 220 76
193 5 134
193 154 225
193 90 15
193 9 18
193 243 28
193 31 1864
193 41 263
193 36 18
193 252 29
193 50 338
193 1 113
193 49 194
193 190 3
193 6 67
193 571 2
193 70 75
193 77 32
193 72 63
193 174 5
193 0 39
193 23 101
193 57 13
193 426 139
193 152 73
193 85 5
193 3 31
193 182 21
193 12 103
193 113 9
193 300 7
193 99 4
193 311 29
193 419 40
193 97 18
193 75 31
193 40 4
193 289 6
193 170 4
193 111 38
193 130 15
193 22 3
193 53 13
193 457 1
193 88 12
193 38 28
193 141 6
193 37 9
193 163 12
193 209 1
193 258 4
193 107 9
193 8 10
193 7 1
193 46 3
193 165 2
193 61 2
193 401 1
193 558 1
193 218 1
193 417 1
193 450 2
193 467 1
193 208 1
206 426 15
206 57 4
206 154 33
206 31 142
206 177 1
206 2 155
206 41 32
206 113 4
206 457 1
206 478 1
206 90 6
206 10 67
206 340 28
206 252 8
206 36 4
206 66 91
206 152 5
206 300 1
206 220 13
206 21 21
206 45 431
206 303 3
206 91 139
206 50 32
206 311 5
206 46 1
206 72 15
206 53 2
206 83 20
206 387 3
206 186 4
206 9 7
206 208 1
206 38 7
206 49 13
206 1 24
206 107 2
206 97 5
206 12 25
206 6 6
206 190 1
206 70 3
206 75 4
206 23 7
206 77 7
206 141 1
206 419 2
206 62 15
206 111 1
206 3 5
206 182 2
206 5 10
206 130 2
206 0 2
206 99 2
206 37 2
206 401 1
206 209 1
206 170 1
208 45 206
208 303 5
208 83 8
208 3 6
208 182 4
208 41 22
208 97 3
208 5 5
208 220 12
208 21 14
208 72 12
208 2 85
208 66 41
208 1 11
208 12 15
208 31 82
208 91 69
208 77 6
208 0 1
208 174 1
208 10 40
208 340 15
208 62 13
208 23 6
208 70 4
208 6 8
208 50 18
208 311 4
208 419 3
208 9 1
208 186 1
208 154 27
208 218 1
208 289 1
208 40 2
208 90 1
208 152 5
208 88 2
208 252 3
208 36 3
208 223 1
208 37 2
208 141 1
208 107 1
208 193 1
208 49 15
208 8 1
208 113 1
208 426 5
208 38 4
208 111 2
208 22 1
208 99 1
208 75 2
209 2 103
209 66 54
209 31 110
209 243 1
209 1 9
209 45 177
209 303 1
209 21 13
209 220 11
209 193 2
209 10 50
209 340 14
209 252 3
209 36 1
209 50 27
209 91 93
209 426 6
209 57 4
209 41 13
209 152 7
209 311 5
209 141 2
209 3 4
209 182 2
209 62 17
209 23 8
209 49 8
209 154 10
209 218 1
209 70 5
209 6 10
209 12 12
209 5 7
209 419 2
209 72 3
209 387 1
209 75 4
209 38 3
209 83 7
209 77 2
209 457 1
209 99 1
209 111 1
209 22 1
209 300 1
209 90 1
340 41 4263
340 113 62
340 3 433
340 182 224
340 49 1585
340 57 211
340 426 849
340 311 425
340 243 105
340 31 16976
340 83 1103
340 130 181
340 177 66
340 2 11949
340 107 125
340 66 6749
340 478 9
340 457 39
340 170 70
340 10 5306
340 36 236
340 252 378
340 85 67
340 571 21
340 70 587
340 111 179
340 450 57
340 62 1286
340 22 50
340 0 279
340 174 55
340 21 1149
340 220 2306
340 303 498
340 45 44647
340 12 2273
340 7 23
340 193 261
340 91 8972
340 37 92
340 50 2173
340 88 74
340 152 771
340 154 6175
340 1 1888
340 72 900
340 53 130
340 6 611
340 300 139
340 75 341
340 275 17
340 38 404
340 5 977
340 23 984
340 77 340
340 387 145
340 401 12
340 218 79
340 419 249
340 436 5
340 61 7
340 99 154
340 475 13
340 163 137
340 90 191
340 209 47
340 467 6
340 413 12
340 211 11
340 247 30
340 208 11
340 186 138
340 258 16
340 40 270
340 97 238
340 190 54
340 141 104
340 46 67
340 223 13
340 9 283
340 176 19
340 165 9
340 8 72
340 316 1
340 353 35
340 312 4
340 417 12
340 558 28
340 289 71
340 364 6
340 206 18
340 459 7
340 261 1
340 19 4
340 579 1
211 31 61
211 243 1
211 154 15
211 2 81
211 66 26
211 10 35
211 340 17
211 289 2
211 40 1
211 45 165
211 21 11
211 220 4
211 193 2
211 57 1
211 426 3
211 5 7
211 12 10
211 62 12
211 450 1
211 72 5
211 91 54
211 75 3
211 152 3
211 41 15
211 70 2
211 49 10
211 22 1
211 50 13
211 6 4
211 419 3
211 311 5
211 46 1
211 170 1
211 0 2
211 252 1
211 36 2
211 83 5
211 1 10
211 165 1
211 97 2
211 23 2
211 8 1
211 130 1
211 3 2
211 113 1
211 77 1
211 38 1
211 300 1
211 90 1
218 10 245
218 340 92
218 31 505
218 243 5
218 154 89
218 558 1
218 66 197
218 2 539
218 303 19
218 45 1116
218 21 55
218 220 92
218 23 37
218 107 7
218 91 381
218 62 54
218 41 145
218 12 79
218 77 15
218 182 7
218 3 14
218 252 13
218 36 11
218 57 14
218 426 27
218 5 23
218 50 93
218 49 83
218 83 50
218 37 6
218 419 18
218 70 16
218 6 17
218 72 33
218 174 1
218 0 12
218 1 55
218 46 1
218 311 18
218 300 12
218 141 6
218 111 13
218 38 20
218 90 10
218 186 4
218 387 10
218 53 9
218 9 11
218 130 3
218 7 1
218 193 6
218 85 2
218 75 15
218 97 10
218 40 7
218 61 2
218 413 1
218 170 1
218 152 34
218 163 3
218 99 1
218 88 2
218 459 1
218 113 3
218 289 1
218 190 1
218 8 1
218 450 1
220 91 6657
220 36 101
220 252 256
220 10 2395
220 340 1758
220 243 48
220 31 7129
220 2 5767
220 66 3090
220 41 2242
220 353 15
220 49 1738
220 154 1703
220 40 98
220 289 45
220 23 285
220 1 521
220 303 157
220 45 10288
220 9 182
220 50 1309
220 83 723
220 111 115
220 62 1078
220 5 354
220 21 511
220 72 412
220 387 103
220 186 81
220 182 88
220 3 180
220 419 183
220 190 21
220 6 340
220 152 374
220 57 144
220 426 448
220 0 204
220 174 32
220 70 141
220 107 53
220 85 24
220 53 112
220 22 18
220 224 1
220 7 35
220 193 78
220 90 141
220 12 477
220 300 96
220 75 188
220 311 149
220 38 237
220 113 31
220 163 49
220 97 138
220 141 39
220 77 137
220 37 54
220 475 4
220 130 65
220 223 8
220 413 13
220 258 10
220 170 28
220 46 19
220 450 23
220 457 14
220 99 46
220 8 32
220 209 8
220 88 37
220 275 6
220 436 8
220 177 25
220 218 54
220 316 2
220 211 3
220 558 23
220 247 8
220 61 8
220 19 1
220 206 4
220 165 12
220 571 3
220 176 7
220 459 8
220 364 4
220 401 6
220 172 5
220 208 15
220 417 6
220 478 1
223 31 84
223 66 61
223 2 104
223 10 49
223 340 20
223 91 74
223 9 3
223 208 1
223 45 181
223 303 1
223 23 5
223 193 2
223 1 16
223 72 12
223 0 5
223 50 18
223 5 12
223 49 16
223 311 2
223 46 1
223 154 23
223 90 3
223 21 15
223 220 10
223 83 13
223 12 14
223 62 12
223 165 1
223 40 4
223 289 1
223 387 2
223 186 2
223 3 3
223 41 22
223 36 2
223 252 1
223 99 2
223 152 4
223 419 2
223 57 2
223 426 3
223 75 4
223 113 1
223 6 4
223 70 2
223 218 1
223 130 2
223 300 1
223 401 1
223 53 1
223 37 1
223 22 1
224 66 4
224 2 23
224 31 21
224 419 2
224 10 17
224 83 2
224 91 17
224 0 1
224 3 2
224 303 1
224 45 37
224 12 5
224 154 3
224 90 1
224 50 6
224 193 1
224 53 1
224 72 1
224 8 1
224 41 2
224 23 3
224 75 1
224 97 1
224 21 4
224 220 3
224 311 2
224 426 3
224 111 1
224 1 3
224 49 1
224 62 1
224 152 1
364 130 1
364 218 2
364 90 1
364 31 75
364 2 82
364 66 42
364 154 6
364 10 43
364 340 18
364 77 4
364 21 10
364 220 2
364 91 30
364 419 1
364 45 149
364 303 1
364 426 6
364 6 2
364 9 3
364 50 10
364 23 3
364 1 9
364 12 12
364 3 3
364 182 2
364 41 9
364 97 3
364 83 14
364 36 2
364 252 1
364 62 4
364 5 5
364 72 3
364 113 1
364 311 5
364 75 1
364 49 5
364 152 1
364 38 1
364 141 1
364 70 1
364 53 1
364 111 1
243 303 28
243 45 955
243 41 129
243 111 13
243 340 66
243 10 401
243 36 11
243 252 16
243 66 305
243 2 691
243 91 468
243 31 709
243 57 4
243 426 41
243 46 2
243 311 20
243 49 127
243 401 1
243 1 54
243 107 6
243 154 106
243 220 38
243 21 57
243 182 16
243 3 20
243 97 7
243 5 80
243 50 157
243 37 2
243 419 18
243 70 21
243 190 2
243 6 20
243 83 93
243 152 25
243 186 6
243 387 8
243 38 16
243 99 1
243 23 47
243 7 2
243 193 12
243 77 10
243 72 20
243 12 56
243 163 4
243 62 82
243 113 4
243 289 5
243 40 3
243 75 22
243 130 5
243 457 1
243 9 10
243 300 10
243 0 30
243 85 2
243 90 4
243 141 4
243 218 1
243 53 1
243 258 1
243 467 1
243 88 2
243 209 1
243 8 1
247 10 102
247 340 28
247 2 246
247 66 89
247 130 2
247 220 27
247 21 18
247 91 115
247 152 8
247 45 428
247 303 5
247 193 2
247 7 3
247 31 184
247 243 1
247 9 12
247 83 20
247 1 22
247 57 4
247 426 16
247 3 7
247 182 1
247 72 13
247 12 41
247 41 45
247 252 11
247 36 8
247 23 13
247 111 5
247 38 6
247 49 22
247 62 27
247 450 1
247 154 33
247 37 1
247 50 29
247 417 1
247 5 7
247 6 12
247 190 1
247 186 4
247 141 4
247 77 7
247 0 3
247 174 1
247 70 9
247 113 1
247 85 2
247 419 4
247 218 1
247 107 5
247 311 2
247 75 2
247 97 1
247 300 2
247 40 2
247 401 1
247 90 3
247 53 1
252 91 2724
252 182 50
252 3 63
252 62 322
252 558 6
252 66 1480
252 177 3
252 2 2550
252 243 38
252 31 3387
252 303 72
252 45 4091
252 83 324
252 21 197
252 220 296
252 12 254
252 353 5
252 49 556
252 340 355
252 10 1455
252 57 34
252 426 232
252 154 513
252 50 626
252 41 510
252 36 61
252 419 100
252 53 38
252 111 95
252 72 109
252 70 88
252 275 1
252 38 64
252 163 14
252 23 181
252 5 200
252 107 18
252 1 251
252 9 47
252 311 65
252 152 195
252 0 90
252 97 38
252 218 9
252 141 15
252 77 93
252 113 19
252 387 34
252 8 16
252 88 17
252 7 20
252 193 50
252 22 9
252 413 1
252 6 140
252 190 9
252 300 36
252 40 25
252 75 98
252 37 19
252 258 9
252 90 36
252 130 18
252 457 6
252 186 29
252 174 11
252 208 3
252 19 2
252 99 9
252 289 12
252 364 1
252 450 6
252 46 6
252 417 2
252 170 2
252 247 3
252 571 1
252 206 1
252 85 6
252 478 4
252 211 3
252 459 1
252 401 4
252 61 2
252 475 1
252 316 1
261 2 21
261 66 10
261 31 29
261 243 1
261 182 1
261 45 26
261 21 3
261 220 2
261 50 6
261 206 1
261 10 11
261 340 2
261 154 5
261 97 1
261 91 16
261 41 10
261 83 3
261 72 2
261 49 1
261 12 2
261 36 1
261 252 1
261 62 2
261 419 1
261 23 1
261 5 1
261 40 1
261 311 1
275 303 4
275 45 183
275 31 101
275 66 44
275 2 100
275 10 50
275 340 25
275 91 130
275 41 46
275 220 15
275 21 11
275 5 7
275 50 28
275 62 14
275 311 3
275 36 5
275 252 3
275 77 2
275 1 14
275 154 21
275 90 2
275 23 3
275 83 13
275 72 17
275 49 5
275 3 6
275 182 2
275 12 12
275 113 1
275 426 7
275 57 1
275 53 2
275 22 2
275 6 7
275 40 1
275 152 3
275 75 4
275 300 1
275 193 1
275 37 1
275 9 1
275 141 1
275 0 1
289 91 169
289 9 2
289 45 191
289 303 3
289 83 17
289 31 120
289 243 5
289 311 8
289 50 40
289 8 3
289 182 2
289 3 2
289 10 99
289 340 17
289 62 23
289 2 188
289 66 79
289 130 1
289 220 9
289 21 15
289 186 2
289 387 3
289 193 4
289 49 17
289 426 14
289 57 2
289 141 1
289 154 34
289 163 1
289 111 5
289 41 24
289 1 22
289 12 15
289 70 7
289 6 9
289 5 23
289 23 13
289 75 5
289 97 2
289 419 5
289 0 6
289 174 1
289 36 2
289 252 2
289 72 5
289 113 1
289 77 4
289 37 1
289 300 2
289 152 3
289 22 2
297 91 29
297 66 5
297 2 18
297 10 13
297 340 1
297 45 54
297 1 4
297 12 3
297 113 1
297 152 5
297 36 1
297 252 1
297 50 3
297 31 27
297 83 4
297 190 1
297 6 3
297 154 2
297 77 1
297 21 1
297 220 1
297 23 4
297 49 3
297 46 1
297 62 2
297 41 5
297 182 1
297 37 1
297 53 1
297 5 1
303 450 1
303 62 71
303 141 7
303 77 23
303 220 51
303 21 67
303 165 2
303 90 7
303 218 2
303 111 8
303 154 115
303 340 180
303 10 325
303 36 17
303 252 17
303 2 856
303 66 311
303 8 3
303 243 6
303 31 657
303 91 313
303 300 14
303 387 7
303 186 9
303 45 2067
303 5 57
303 9 18
303 99 5
303 41 211
303 75 16
303 353 1
303 49 96
303 6 23
303 70 13
303 419 15
303 12 120
303 1 97
303 50 142
303 23 40
303 97 6
303 182 9
303 3 14
303 174 4
303 0 16
303 53 5
303 72 40
303 311 22
303 46 2
303 83 93
303 163 7
303 57 5
303 426 37
303 88 3
303 152 42
303 38 20
303 193 6
303 40 7
303 37 3
303 107 6
303 130 5
303 22 1
303 478 1
303 170 1
303 113 2
303 289 2
303 177 1
303 206 1
303 7 1
311 243 7
311 31 848
311 66 420
311 2 1267
311 3 29
311 182 7
311 340 174
311 10 598
311 50 263
311 303 36
311 45 1804
311 83 130
311 387 10
311 186 9
311 9 15
311 90 11
311 154 189
311 450 1
311 62 106
311 21 115
311 220 87
311 6 50
311 91 836
311 5 73
311 7 1
311 193 7
311 1 122
311 49 93
311 12 136
311 75 39
311 41 224
311 72 69
311 426 59
311 57 18
311 77 17
311 252 24
311 36 21
311 419 24
311 40 6
311 97 14
311 23 84
311 8 3
311 130 8
311 107 9
311 457 2
311 85 3
311 113 5
311 174 4
311 0 17
311 53 9
311 70 28
311 152 47
311 38 16
311 163 5
311 141 6
311 111 10
311 300 9
311 170 4
311 209 1
311 88 6
311 22 3
311 218 2
311 413 1
311 99 4
311 19 1
311 61 2
311 37 3
311 571 1
311 401 1
311 289 4
353 154 43
353 45 220
353 303 1
353 90 1
353 218 3
353 289 2
353 21 6
353 220 9
353 186 1
353 387 1
353 340 23
353 10 51
353 57 3
353 426 6
353 83 10
353 38 3
353 31 199
353 49 38
353 50 22
353 311 4
353 252 3
353 36 4
353 9 2
353 1 11
353 66 50
353 2 107
353 130 4
353 53 1
353 77 2
353 91 96
353 41 21
353 6 13
353 70 6
353 72 5
353 0 6
353 193 2
353 7 1
353 419 6
353 12 18
353 62 9
353 5 6
353 163 4
353 99 2
353 23 7
353 300 2
353 75 6
353 152 3
353 88 1
353 3 2
353 22 1
353 111 2
417 50 33
417 154 35
417 2 137
417 66 73
417 90 3
417 130 2
417 10 93
417 340 35
417 83 16
417 31 126
417 243 3
417 12 12
417 152 7
417 70 5
417 6 9
417 97 1
417 3 8
417 182 5
417 91 131
417 45 219
417 303 4
417 9 3
417 1 14
417 193 6
417 49 11
417 220 22
417 21 8
417 72 8
417 41 59
417 62 22
417 450 1
417 5 12
417 23 10
417 426 9
417 57 2
417 36 5
417 252 5
417 170 1
417 75 7
417 38 6
417 77 5
417 419 7
417 247 1
417 459 1
417 37 1
417 0 4
417 174 1
417 53 2
417 40 2
417 311 6
417 99 2
417 186 1
417 387 1
417 111 1
417 107 2
417 8 2
417 218 1
417 163 1
417 413 1
420 62 3
420 154 6
420 66 12
420 2 13
420 31 24
420 36 1
420 252 1
420 90 1
420 10 11
420 340 1
420 91 12
420 300 2
420 6 2
420 41 4
420 5 1
420 49 4
420 45 24
420 186 1
420 50 1
420 12 2
420 426 2
420 72 1
420 21 1
420 3 1
420 1 1
420 247 1
420 83 3
420 70 2
426 9 23
426 303 57
426 45 2922
426 23 147
426 66 1110
426 2 1868
426 311 52
426 5 159
426 41 417
426 107 13
426 340 297
426 10 1122
426 12 135
426 22 6
426 91 2424
426 243 34
426 31 2796
426 8 7
426 50 598
426 252 97
426 36 55
426 419 64
426 83 218
426 1 166
426 49 383
426 289 14
426 40 15
426 62 342
426 154 383
426 90 23
426 70 81
426 72 93
426 53 26
426 57 23
426 77 76
426 21 229
426 220 202
426 75 52
426 130 25
426 3 43
426 182 57
426 152 166
426 38 43
426 186 18
426 387 33
426 7 11
426 193 71
426 37 19
426 190 3
426 6 82
426 78 1
426 99 9
426 113 19
426 111 39
426 88 8
426 85 9
426 258 6
426 174 3
426 0 71
426 97 18
426 141 10
426 300 16
426 475 4
426 163 18
426 413 2
426 218 12
426 571 1
426 177 2
426 176 4
426 436 1
426 459 3
426 450 6
426 209 5
426 558 5
426 223 1
426 297 1
426 275 1
426 46 3
426 165 2
426 457 2
426 401 3
426 420 1
426 417 1
426 206 1
426 353 1
426 61 1
436 91 41
436 41 6
436 62 6
436 450 1
436 10 22
436 340 5
436 66 16
436 2 29
436 9 1
436 45 41
436 152 2
436 50 9
436 31 31
436 182 2
436 38 2
436 90 1
436 154 9
436 49 5
436 21 5
436 220 5
436 57 1
436 36 1
436 252 1
436 300 1
436 163 1
436 72 2
436 0 3
436 174 1
436 5 6
436 6 2
436 107 1
436 419 3
436 12 3
436 23 2
436 83 5
436 22 1
436 401 1
436 1 2
436 170 2
436 77 1
436 97 1
436 111 1
436 75 1
450 152 12
450 130 5
450 2 464
450 558 1
450 66 203
450 36 8
450 252 11
450 3 15
450 182 6
450 340 95
450 10 214
450 62 63
450 457 3
450 243 2
450 31 400
450 300 6
450 21 61
450 220 93
450 387 3
450 186 9
450 303 17
450 45 927
450 91 331
450 41 129
450 50 99
450 97 9
450 141 1
450 83 53
450 85 1
450 419 10
450 247 3
450 420 1
450 49 44
450 107 3
450 1 48
450 57 5
450 426 25
450 6 25
450 70 11
450 154 92
450 5 25
450 77 8
450 193 4
450 7 4
450 211 1
450 12 78
450 72 40
450 174 2
450 0 9
450 163 3
450 111 8
450 38 19
450 23 22
450 75 14
450 46 3
450 311 16
450 459 1
450 401 1
450 40 9
450 99 3
450 22 2
450 90 4
450 88 2
450 9 8
450 113 5
450 53 3
450 353 1
450 436 1
450 218 1
450 208 1
450 8 1
450 209 1
450 37 1
478 289 3
478 66 33
478 2 101
478 154 13
478 10 51
478 340 9
478 252 3
478 36 1
478 91 61
478 208 1
478 45 127
478 186 1
478 387 1
478 83 11
478 49 10
478 12 12
478 41 15
478 75 5
478 6 2
478 70 3
478 1 11
478 21 8
478 220 8
478 31 102
478 88 1
478 300 1
478 50 15
478 5 9
478 141 1
478 77 4
478 72 3
478 426 4
478 113 1
478 62 7
478 419 2
478 38 2
478 3 3
478 23 5
478 163 1
478 111 3
478 311 1
478 193 3
478 206 1
478 174 1
478 152 1
478 37 1
558 10 98
558 340 30
558 50 49
558 252 5
558 36 7
558 53 4
558 2 243
558 177 1
558 66 93
558 1 20
558 41 75
558 12 49
558 387 2
558 186 3
558 182 3
558 3 7
558 31 155
558 243 1
558 49 24
558 57 4
558 426 11
558 9 4
558 45 466
558 303 6
558 91 171
558 62 30
558 90 3
558 154 27
558 21 26
558 220 24
558 8 1
558 38 5
558 83 28
558 88 2
558 152 9
558 70 5
558 75 7
558 46 3
558 311 8
558 401 1
558 419 4
558 77 4
558 141 2
558 97 4
558 23 12
558 218 2
558 0 3
558 174 2
558 72 12
558 111 5
558 5 12
558 37 2
558 193 1
558 22 1
558 6 6
558 190 2
558 130 1
558 40 2
558 289 1
558 300 1
558 457 1
558 163 1
571 31 77
571 66 49
571 2 113
571 53 1
571 130 1
571 182 2
571 3 7
571 10 47
571 340 38
571 45 226
571 303 6
571 72 11
571 152 5
571 88 1
571 41 33
571 9 2
571 91 84
571 12 17
571 6 5
571 70 3
571 57 3
571 426 2
571 154 18
571 90 1
571 21 16
571 220 8
571 50 18
571 62 10
571 141 2
571 77 1
571 99 1
571 5 7
571 75 2
571 193 1
571 311 2
571 37 1
571 23 9
571 1 21
571 83 8
571 40 2
571 209 1
571 38 3
571 419 2
571 49 6
571 258 1
571 36 1
571 300 2
579 83 5
579 45 46
579 10 15
579 340 4
579 70 3
579 3 1
579 31 35
579 66 6
579 2 32
579 177 1
579 36 1
579 21 4
579 220 1
579 5 1
579 62 4
579 41 3
579 50 8
579 90 1
579 49 4
579 1 3
579 91 30
579 72 3
579 75 1
579 152 2
579 23 2
579 311 1
579 6 3
579 154 7
579 426 1
579 37 1
579 419 1
579 247 1
579 300 1
